ch> sweep
830000000 870000000 101
ch> marker
0 682 863640000
1 58 852900000
2 565 861300000
3 892 867840000
ch> frequencies
850000000
850020000
850040000
850060000
850080000
850100000
850120000
850140000
850160000
850180000
850200000
850220000
850240000
850260000
850280000
850300000
850320000
850340000
850360000
850380000
850400000
850420000
850440000
850460000
850480000
850500000
850520000
850540000
850560000
850580000
850600000
850620000
850640000
850660000
850680000
850700000
850720000
850740000
850760000
850780000
850800000
850820000
850840000
850860000
850880000
850900000
850920000
850940000
850960000
850980000
851000000
851020000
851040000
851060000
851080000
851100000
851120000
851140000
851160000
851180000
851200000
851220000
851240000
851260000
851280000
851300000
851320000
851340000
851360000
851380000
851400000
851420000
851440000
851460000
851480000
851500000
851520000
851540000
851560000
851580000
851600000
851620000
851640000
851660000
851680000
851700000
851720000
851740000
851760000
851780000
851800000
851820000
851840000
851860000
851880000
851900000
851920000
851940000
851960000
851980000
852000000
852020000
852040000
852060000
852080000
852100000
852120000
852140000
852160000
852180000
852200000
852220000
852240000
852260000
852280000
852300000
852320000
852340000
852360000
852380000
852400000
852420000
852440000
852460000
852480000
852500000
852520000
852540000
852560000
852580000
852600000
852620000
852640000
852660000
852680000
852700000
852720000
852740000
852760000
852780000
852800000
852820000
852840000
852860000
852880000
852900000
852920000
852940000
852960000
852980000
853000000
853020000
853040000
853060000
853080000
853100000
853120000
853140000
853160000
853180000
853200000
853220000
853240000
853260000
853280000
853300000
853320000
853340000
853360000
853380000
853400000
853420000
853440000
853460000
853480000
853500000
853520000
853540000
853560000
853580000
853600000
853620000
853640000
853660000
853680000
853700000
853720000
853740000
853760000
853780000
853800000
853820000
853840000
853860000
853880000
853900000
853920000
853940000
853960000
853980000
854000000
854020000
854040000
854060000
854080000
854100000
854120000
854140000
854160000
854180000
854200000
854220000
854240000
854260000
854280000
854300000
854320000
854340000
854360000
854380000
854400000
854420000
854440000
854460000
854480000
854500000
854520000
854540000
854560000
854580000
854600000
854620000
854640000
854660000
854680000
854700000
854720000
854740000
854760000
854780000
854800000
854820000
854840000
854860000
854880000
854900000
854920000
854940000
854960000
854980000
855000000
855020000
855040000
855060000
855080000
855100000
855120000
855140000
855160000
855180000
855200000
855220000
855240000
855260000
855280000
855300000
855320000
855340000
855360000
855380000
855400000
855420000
855440000
855460000
855480000
855500000
855520000
855540000
855560000
855580000
855600000
855620000
855640000
855660000
855680000
855700000
855720000
855740000
855760000
855780000
855800000
855820000
855840000
855860000
855880000
855900000
855920000
855940000
855960000
855980000
856000000
856020000
856040000
856060000
856080000
856100000
856120000
856140000
856160000
856180000
856200000
856220000
856240000
856260000
856280000
856300000
856320000
856340000
856360000
856380000
856400000
856420000
856440000
856460000
856480000
856500000
856520000
856540000
856560000
856580000
856600000
856620000
856640000
856660000
856680000
856700000
856720000
856740000
856760000
856780000
856800000
856820000
856840000
856860000
856880000
856900000
856920000
856940000
856960000
856980000
857000000
857020000
857040000
857060000
857080000
857100000
857120000
857140000
857160000
857180000
857200000
857220000
857240000
857260000
857280000
857300000
857320000
857340000
857360000
857380000
857400000
857420000
857440000
857460000
857480000
857500000
857520000
857540000
857560000
857580000
857600000
857620000
857640000
857660000
857680000
857700000
857720000
857740000
857760000
857780000
857800000
857820000
857840000
857860000
857880000
857900000
857920000
857940000
857960000
857980000
858000000
858020000
858040000
858060000
858080000
858100000
858120000
858140000
858160000
858180000
858200000
858220000
858240000
858260000
858280000
858300000
858320000
858340000
858360000
858380000
858400000
858420000
858440000
858460000
858480000
858500000
858520000
858540000
858560000
858580000
858600000
858620000
858640000
858660000
858680000
858700000
858720000
858740000
858760000
858780000
858800000
858820000
858840000
858860000
858880000
858900000
858920000
858940000
858960000
858980000
859000000
859020000
859040000
859060000
859080000
859100000
859120000
859140000
859160000
859180000
859200000
859220000
859240000
859260000
859280000
859300000
859320000
859340000
859360000
859380000
859400000
859420000
859440000
859460000
859480000
859500000
859520000
859540000
859560000
859580000
859600000
859620000
859640000
859660000
859680000
859700000
859720000
859740000
859760000
859780000
859800000
859820000
859840000
859860000
859880000
859900000
859920000
859940000
859960000
859980000
860000000
860020000
860040000
860060000
860080000
860100000
860120000
860140000
860160000
860180000
860200000
860220000
860240000
860260000
860280000
860300000
860320000
860340000
860360000
860380000
860400000
860420000
860440000
860460000
860480000
860500000
860520000
860540000
860560000
860580000
860600000
860620000
860640000
860660000
860680000
860700000
860720000
860740000
860760000
860780000
860800000
860820000
860840000
860860000
860880000
860900000
860920000
860940000
860960000
860980000
861000000
861020000
861040000
861060000
861080000
861100000
861120000
861140000
861160000
861180000
861200000
861220000
861240000
861260000
861280000
861300000
861320000
861340000
861360000
861380000
861400000
861420000
861440000
861460000
861480000
861500000
861520000
861540000
861560000
861580000
861600000
861620000
861640000
861660000
861680000
861700000
861720000
861740000
861760000
861780000
861800000
861820000
861840000
861860000
861880000
861900000
861920000
861940000
861960000
861980000
862000000
862020000
862040000
862060000
862080000
862100000
862120000
862140000
862160000
862180000
862200000
862220000
862240000
862260000
862280000
862300000
862320000
862340000
862360000
862380000
862400000
862420000
862440000
862460000
862480000
862500000
862520000
862540000
862560000
862580000
862600000
862620000
862640000
862660000
862680000
862700000
862720000
862740000
862760000
862780000
862800000
862820000
862840000
862860000
862880000
862900000
862920000
862940000
862960000
862980000
863000000
863020000
863040000
863060000
863080000
863100000
863120000
863140000
863160000
863180000
863200000
863220000
863240000
863260000
863280000
863300000
863320000
863340000
863360000
863380000
863400000
863420000
863440000
863460000
863480000
863500000
863520000
863540000
863560000
863580000
863600000
863620000
863640000
863660000
863680000
863700000
863720000
863740000
863760000
863780000
863800000
863820000
863840000
863860000
863880000
863900000
863920000
863940000
863960000
863980000
864000000
864020000
864040000
864060000
864080000
864100000
864120000
864140000
864160000
864180000
864200000
864220000
864240000
864260000
864280000
864300000
864320000
864340000
864360000
864380000
864400000
864420000
864440000
864460000
864480000
864500000
864520000
864540000
864560000
864580000
864600000
864620000
864640000
864660000
864680000
864700000
864720000
864740000
864760000
864780000
864800000
864820000
864840000
864860000
864880000
864900000
864920000
864940000
864960000
864980000
865000000
865020000
865040000
865060000
865080000
865100000
865120000
865140000
865160000
865180000
865200000
865220000
865240000
865260000
865280000
865300000
865320000
865340000
865360000
865380000
865400000
865420000
865440000
865460000
865480000
865500000
865520000
865540000
865560000
865580000
865600000
865620000
865640000
865660000
865680000
865700000
865720000
865740000
865760000
865780000
865800000
865820000
865840000
865860000
865880000
865900000
865920000
865940000
865960000
865980000
866000000
866020000
866040000
866060000
866080000
866100000
866120000
866140000
866160000
866180000
866200000
866220000
866240000
866260000
866280000
866300000
866320000
866340000
866360000
866380000
866400000
866420000
866440000
866460000
866480000
866500000
866520000
866540000
866560000
866580000
866600000
866620000
866640000
866660000
866680000
866700000
866720000
866740000
866760000
866780000
866800000
866820000
866840000
866860000
866880000
866900000
866920000
866940000
866960000
866980000
867000000
867020000
867040000
867060000
867080000
867100000
867120000
867140000
867160000
867180000
867200000
867220000
867240000
867260000
867280000
867300000
867320000
867340000
867360000
867380000
867400000
867420000
867440000
867460000
867480000
867500000
867520000
867540000
867560000
867580000
867600000
867620000
867640000
867660000
867680000
867700000
867720000
867740000
867760000
867780000
867800000
867820000
867840000
867860000
867880000
867900000
867920000
867940000
867960000
867980000
868000000
868020000
868040000
868060000
868080000
868100000
868120000
868140000
868160000
868180000
868200000
868220000
868240000
868260000
868280000
868300000
868320000
868340000
868360000
868380000
868400000
868420000
868440000
868460000
868480000
868500000
868520000
868540000
868560000
868580000
868600000
868620000
868640000
868660000
868680000
868700000
868720000
868740000
868760000
868780000
868800000
868820000
868840000
868860000
868880000
868900000
868920000
868940000
868960000
868980000
869000000
869020000
869040000
869060000
869080000
869100000
869120000
869140000
869160000
869180000
869200000
869220000
869240000
869260000
869280000
869300000
869320000
869340000
869360000
869380000
869400000
869420000
869440000
869460000
869480000
869500000
869520000
869540000
869560000
869580000
869600000
869620000
869640000
869660000
869680000
869700000
869720000
869740000
869760000
869780000
869800000
869820000
869840000
869860000
869880000
869900000
869920000
869940000
869960000
869980000
870000000
ch> data 0
0.103653554 -0.017938810
0.111907549 -0.028604414
0.105594795 -0.021821486
0.102647756 -0.020647967
0.095026302 -0.020077920
0.108880204 -0.014514946
0.102608945 -0.017000637
0.097857023 -0.021609894
0.095748904 -0.010530324
0.105257346 -0.022672639
0.104105196 -0.022147667
0.090454486 -0.028892137
0.107235016 -0.012448890
0.105182928 -0.013239324
0.107164693 -0.022674750
0.110115356 -0.014063613
0.098984613 -0.020812465
0.097603987 -0.022670830
0.106292248 -0.021791466
0.105002129 -0.018685124
0.107175930 -0.018511767
0.092500907 -0.026164771
0.094056547 -0.025093137
0.109470048 -0.023556708
0.098934315 -0.022738699
0.103021322 -0.011159201
0.099871041 -0.025370194
0.102622915 -0.026723906
0.099548935 -0.030078453
0.092122209 -0.018512843
0.098129699 -0.035312016
0.097383700 -0.021069684
0.094013011 -0.025859433
0.088230365 -0.021196500
0.095935935 -0.040582891
0.099379571 -0.024275924
0.085528563 -0.035245240
0.102827087 -0.018021102
0.104303026 -0.020460274
0.100882123 -0.031345414
0.094216271 -0.028473802
0.099924974 -0.032322530
0.096504667 -0.027187724
0.105156440 -0.022271676
0.101562282 -0.023568777
0.095862055 -0.022304266
0.094712774 -0.025199102
0.097214111 -0.030951521
0.084895324 -0.036446582
0.096767562 -0.020898985
0.104150715 -0.031982859
0.099361119 -0.032110904
0.101479206 -0.034588368
0.088653734 -0.023220065
0.099469241 -0.035524376
0.087118619 -0.032477825
0.095782438 -0.032255754
0.098529191 -0.027703677
0.093215721 -0.037238417
0.080269972 -0.025728628
0.096976054 -0.036885803
0.099975477 -0.021319226
0.098787743 -0.025127518
0.100253610 -0.024122078
0.099568423 -0.030307230
0.083194219 -0.031835456
0.093401456 -0.039593299
0.101025211 -0.035303375
0.097046635 -0.028228919
0.095863607 -0.036298394
0.092990404 -0.037527534
0.094343869 -0.033223135
0.093141116 -0.037396914
0.098064138 -0.034952963
0.096848504 -0.035006697
0.100205084 -0.033262796
0.093307567 -0.024584420
0.092710301 -0.037738391
0.096445628 -0.022749718
0.091763462 -0.038478761
0.096854484 -0.035458779
0.089659429 -0.041085962
0.095384213 -0.045316361
0.087479059 -0.032582380
0.098066887 -0.030769700
0.080787594 -0.041075250
0.088281860 -0.038806121
0.090830129 -0.042871699
0.105300316 -0.041180486
0.108872135 -0.040740171
0.095037621 -0.038082757
0.095413955 -0.038774184
0.095148936 -0.040656534
0.088413597 -0.037727314
0.088357424 -0.045001999
0.095752014 -0.043200815
0.079486708 -0.035571529
0.096537590 -0.037701153
0.082437600 -0.041795984
0.092190603 -0.036620687
0.094243837 -0.041204224
0.091906078 -0.041425669
0.084961151 -0.042079416
0.089343691 -0.043566039
0.084964112 -0.038447233
0.101534289 -0.036812841
0.098469581 -0.033761398
0.092768761 -0.040955119
0.087406487 -0.034958791
0.081571032 -0.044185403
0.088838864 -0.044345321
0.091899538 -0.042911253
0.092819454 -0.042224078
0.086128545 -0.045263988
0.087135354 -0.040583037
0.091017326 -0.041003855
0.082209718 -0.040638117
0.077751146 -0.042160420
0.095452496 -0.051602527
0.094641761 -0.038859194
0.087541379 -0.035069381
0.091650600 -0.043192292
0.085219320 -0.039293719
0.089375699 -0.034302123
0.089186789 -0.047037949
0.092753685 -0.046546425
0.096903385 -0.034589655
0.081203506 -0.036540576
0.085140888 -0.042446195
0.082125972 -0.046225489
0.088474114 -0.039433144
0.078955491 -0.044737133
0.080856901 -0.041867993
0.083064850 -0.047507992
0.088986782 -0.046712131
0.097037702 -0.047853212
0.079740139 -0.045492893
0.085872455 -0.049798389
0.076781742 -0.048894980
0.080086933 -0.050060036
0.077235164 -0.042180074
0.088492798 -0.055813561
0.099253453 -0.055104345
0.082868150 -0.040467089
0.086087740 -0.036613006
0.075994235 -0.041557985
0.084917419 -0.052418345
0.073838543 -0.048941422
0.087135401 -0.048923637
0.072842622 -0.049870824
0.085667719 -0.044155085
0.078332012 -0.046253846
0.084827923 -0.056661799
0.074765379 -0.044018644
0.080718611 -0.048830446
0.083201914 -0.042059753
0.073108003 -0.043329144
0.088279564 -0.044716942
0.084255716 -0.046390252
0.085641200 -0.053368899
0.076543110 -0.047260757
0.081282644 -0.057166820
0.078511654 -0.046894058
0.074616912 -0.051472312
0.087427498 -0.043140834
0.081412879 -0.048413835
0.078627515 -0.048752389
0.075676308 -0.052754521
0.075932863 -0.040436581
0.078781962 -0.043238113
0.071331708 -0.046353906
0.082313535 -0.037734401
0.077395723 -0.049850495
0.075513000 -0.043610062
0.073375149 -0.050207554
0.087320492 -0.044801847
0.077270510 -0.045656339
0.070880864 -0.051931370
0.077926006 -0.044990263
0.063946048 -0.057361380
0.078638027 -0.056316915
0.062252686 -0.051711087
0.077085173 -0.050888830
0.074652871 -0.042026614
0.065396598 -0.051852950
0.073034513 -0.054716410
0.072498960 -0.050247980
0.080201634 -0.051470814
0.073405274 -0.054334734
0.084247541 -0.045973872
0.060592384 -0.044719199
0.072694272 -0.058802475
0.063300392 -0.046832841
0.071298909 -0.049720581
0.072700065 -0.049383458
0.074795735 -0.051670984
0.077052443 -0.049688680
0.075768254 -0.049809495
0.064859767 -0.051808829
0.071941364 -0.055288352
0.071042208 -0.051713267
0.076446983 -0.050220883
0.072460653 -0.048692007
0.066230364 -0.045773163
0.077286026 -0.050011771
0.074796812 -0.049189823
0.064940841 -0.059585115
0.068311306 -0.048216748
0.059904023 -0.054418968
0.077210829 -0.050293680
0.062143945 -0.049491796
0.068182189 -0.065440475
0.062662619 -0.048510702
0.063130706 -0.048861043
0.071853000 -0.051008276
0.070892418 -0.059864094
0.066464424 -0.046576634
0.062284215 -0.046684404
0.066232980 -0.052899252
0.057743821 -0.049721514
0.063837212 -0.058071020
0.070262937 -0.048578579
0.068588841 -0.059348271
0.064103115 -0.053266047
0.064625486 -0.046802553
0.069750765 -0.064023567
0.054501259 -0.052319536
0.062988262 -0.058397800
0.064306787 -0.047080459
0.060223668 -0.056534349
0.067770224 -0.054216375
0.060104503 -0.050940826
0.066852061 -0.054133290
0.058829197 -0.050335930
0.067021859 -0.051588237
0.048768094 -0.052154830
0.071369183 -0.057519672
0.069383575 -0.047329133
0.057433199 -0.052570326
0.071987183 -0.053011017
0.060333479 -0.056882637
0.063611840 -0.050391471
0.070734487 -0.048771010
0.054191260 -0.056251143
0.061097146 -0.050713751
0.057704139 -0.043642503
0.059458080 -0.048479317
0.056668043 -0.044288120
0.060234842 -0.052912109
0.058911829 -0.055626082
0.061287313 -0.058900664
0.065374297 -0.055143957
0.058632679 -0.056231649
0.066397325 -0.055608280
0.056434544 -0.051928399
0.062728670 -0.053000752
0.057082031 -0.053930804
0.059271976 -0.058302690
0.050124457 -0.058386531
0.058258604 -0.056303245
0.050836496 -0.063538274
0.056339976 -0.047103969
0.058709145 -0.058138653
0.052430668 -0.052215582
0.056355524 -0.058598183
0.055631044 -0.049901526
0.055033622 -0.061391204
0.062384261 -0.056209870
0.053632221 -0.057976654
0.051546050 -0.048353406
0.037451379 -0.055284576
0.056240693 -0.055524022
0.051216993 -0.049467310
0.057741352 -0.059326827
0.053254262 -0.056531273
0.058973042 -0.054774121
0.052893249 -0.050586501
0.049530430 -0.061871652
0.062012042 -0.048579403
0.047988775 -0.056534851
0.043427965 -0.055137754
0.046921984 -0.052864826
0.049155621 -0.057188258
0.051958528 -0.053179923
0.044417084 -0.050706182
0.055933145 -0.056812481
0.048663428 -0.044222861
0.046218074 -0.059150570
0.056949123 -0.053584885
0.049433839 -0.057261280
0.041005228 -0.049852869
0.055482575 -0.055012387
0.053300252 -0.055447269
0.039225427 -0.049661267
0.048662581 -0.051018801
0.043406402 -0.046548175
0.049866923 -0.052299620
0.041533105 -0.044886768
0.038653073 -0.059809124
0.052120684 -0.060454930
0.036559077 -0.048691874
0.040903077 -0.051890794
0.050994323 -0.048603458
0.044494043 -0.047986918
0.045179018 -0.051135292
0.036527048 -0.053659225
0.042252945 -0.049633392
0.049576654 -0.053983394
0.041325312 -0.048194224
0.044615242 -0.058432671
0.038684562 -0.055335499
0.029070563 -0.062167592
0.048375552 -0.046114587
0.038987427 -0.048354241
0.043014497 -0.056241839
0.038615837 -0.047616486
0.038969948 -0.051720551
0.036939317 -0.052931223
0.044833083 -0.054238915
0.043324484 -0.059329084
0.040775483 -0.047888940
0.043892480 -0.054376056
0.038294650 -0.050696266
0.040161591 -0.055978385
0.040284882 -0.050578324
0.028763334 -0.051157802
0.038605100 -0.047982825
0.031741085 -0.048401554
0.032519850 -0.042628828
0.044250730 -0.048912125
0.047531334 -0.049569524
0.034875484 -0.051453655
0.034506954 -0.050903456
0.038880346 -0.045290288
0.039623786 -0.053544872
0.028860217 -0.045501664
0.034123923 -0.055557207
0.027656029 -0.050752911
0.035677388 -0.046412575
0.039095816 -0.051514387
0.038944061 -0.053378306
0.035075841 -0.046166947
0.035438871 -0.057105306
0.029342786 -0.055959887
0.038834639 -0.055522735
0.030479438 -0.052645725
0.031620068 -0.053865686
0.033955757 -0.048997104
0.029234602 -0.047472762
0.029935667 -0.046413453
0.032169775 -0.047581594
0.028552951 -0.052489559
0.026941404 -0.046588021
0.032227852 -0.048664400
0.036877557 -0.044201683
0.022028580 -0.048551999
0.043097407 -0.049646010
0.026678063 -0.046480939
0.036282155 -0.047353647
0.031353242 -0.051690541
0.034247517 -0.047120469
0.033875115 -0.037497068
0.025393156 -0.055821575
0.029733511 -0.050713225
0.031844854 -0.043809016
0.028325604 -0.041930592
0.034280830 -0.045660524
0.023444490 -0.044677258
0.028154875 -0.041389939
0.029280582 -0.049950502
0.028595822 -0.055462825
0.028538458 -0.046308629
0.024704585 -0.049704050
0.021146555 -0.049360640
0.025896938 -0.039366462
0.025535716 -0.047873136
0.023582150 -0.033527707
0.027017378 -0.041284395
0.033911444 -0.046354792
0.028965663 -0.044446545
0.017392250 -0.049016224
0.009326791 -0.035757667
0.021239627 -0.054971040
0.022594681 -0.046674104
0.019892309 -0.051400179
0.017867521 -0.042412088
0.025417683 -0.049382248
0.014865148 -0.046141383
0.027601867 -0.049691579
0.027093557 -0.049415326
0.022143405 -0.046091376
0.015616703 -0.047206785
0.018885199 -0.043643903
0.025240897 -0.049459454
0.021955125 -0.044599267
0.017164644 -0.044397909
0.023260684 -0.045588328
0.019489802 -0.039485625
0.023179797 -0.046862471
0.011126438 -0.037889841
0.015881933 -0.037737681
0.024863308 -0.045681385
0.001778722 -0.035841839
0.019605114 -0.044943307
0.020964120 -0.046004817
0.030879792 -0.038486544
0.022733892 -0.043388586
0.015895436 -0.039502521
0.014571011 -0.034409429
0.010833210 -0.040508381
0.019769743 -0.049216526
0.014206653 -0.043209409
0.019620213 -0.042911526
0.007667507 -0.034994193
0.013810937 -0.038838370
0.013625180 -0.040327238
0.015550029 -0.040487619
0.010869287 -0.041070030
0.013492991 -0.040020168
0.013059182 -0.035917554
0.011207976 -0.034435614
0.015301493 -0.047996310
0.009662541 -0.033577338
0.005640709 -0.034015386
0.001808085 -0.038371233
0.015200229 -0.035269530
0.012961947 -0.039074889
0.010736399 -0.045070091
0.011208567 -0.030971307
0.004677017 -0.040912916
0.011792953 -0.043620506
0.009787220 -0.036887505
0.002390644 -0.033635329
0.003773717 -0.034097065
0.006035771 -0.034574985
0.020253151 -0.040141647
0.013296820 -0.041934926
0.011472536 -0.036688867
0.010472672 -0.042131812
0.008970719 -0.028452749
0.000218870 -0.041518387
0.005142694 -0.027246191
0.002483008 -0.038107900
0.013370655 -0.041307818
0.003528328 -0.028975392
0.006666965 -0.031443485
0.005076913 -0.038189806
0.007541868 -0.025595922
-0.003317355 -0.034427133
0.007782054 -0.034521594
0.011957850 -0.029918099
0.004463034 -0.028443361
0.003083072 -0.032005775
0.012600299 -0.030048629
0.006391580 -0.029109892
0.005710881 -0.037314705
0.005305533 -0.031281847
0.001646414 -0.029347139
0.007121795 -0.035170583
0.004352922 -0.038850478
0.001292198 -0.034419257
0.002455069 -0.034235475
-0.001959559 -0.026724847
0.004538528 -0.028416557
0.001175403 -0.032908654
-0.006291320 -0.029681729
0.005032736 -0.033844276
0.001624808 -0.023823639
0.008505531 -0.035444477
-0.001157027 -0.030317919
0.000301698 -0.021434818
-0.001067634 -0.023395929
0.001442399 -0.025131356
0.004996655 -0.027768996
0.003272094 -0.031035059
0.005282784 -0.024992957
-0.002839702 -0.024730533
-0.001522328 -0.026767108
-0.006757006 -0.020104670
0.000578205 -0.032430805
0.008813529 -0.035407776
0.013226703 -0.026946383
-0.000880185 -0.025337418
0.003428777 -0.030640724
-0.002993905 -0.027613392
0.007548485 -0.024939810
-0.001726101 -0.026012127
-0.006169956 -0.027429967
-0.005558262 -0.019754145
-0.008764628 -0.014237638
-0.005727617 -0.028868459
-0.009149764 -0.026332307
-0.008867146 -0.019730750
-0.002007832 -0.018217981
-0.000259230 -0.021104404
-0.010181871 -0.013529523
-0.003621633 -0.018188860
-0.003379079 -0.018260490
-0.004736368 -0.025123537
-0.004395001 -0.026149896
-0.014076104 -0.025852585
0.001741005 -0.020885799
-0.002724307 -0.023450497
-0.006828447 -0.024334164
0.002010728 -0.022902102
-0.005400377 -0.017743985
-0.004866815 -0.020897290
-0.003129571 -0.020231830
-0.010420905 -0.016376130
-0.003531058 -0.015481938
-0.001567957 -0.015096853
-0.008590003 -0.015007223
-0.002455111 -0.019491604
-0.013260159 -0.016631862
-0.003617530 -0.026001246
-0.003692143 -0.019899154
-0.010805232 -0.007108417
0.006195885 -0.019000749
-0.002075936 -0.017325111
-0.011206254 -0.022526224
-0.011022798 -0.021707294
-0.011638056 -0.014211335
-0.001402080 -0.023885966
-0.001657263 -0.017602922
-0.007011046 -0.010331274
-0.007117298 -0.015004101
-0.002566380 -0.004743049
-0.009888523 -0.008920990
-0.010226923 -0.021760348
-0.016297260 -0.006000153
-0.009422952 -0.017707473
-0.006942776 -0.010060734
-0.011731683 -0.011550839
-0.011263180 -0.020527081
-0.015940659 -0.013297247
-0.002910199 -0.013012800
-0.005454119 -0.002417594
-0.010633281 -0.017730576
-0.013615106 -0.014659731
-0.008932139 -0.007729115
-0.014706563 -0.013808387
-0.004646963 -0.004888876
-0.016096606 -0.021243692
-0.008723114 -0.013644418
-0.007815352 -0.002442389
-0.013959873 -0.007990999
-0.006394568 -0.008301278
-0.007420867 -0.006874630
-0.011300058 -0.005067394
-0.016433103 -0.010809957
-0.013705749 -0.007518016
-0.008657546 -0.004594673
-0.014860067 -0.010802534
-0.013605400 -0.013080047
-0.020664613 -0.004100289
-0.013133275 0.001487841
-0.013673813 -0.009295226
-0.010479428 0.002386421
-0.018921810 0.001650102
-0.010659367 -0.010268753
-0.006976976 -0.007121457
-0.013450679 -0.007937090
-0.015162153 -0.004668559
-0.009633347 0.006077945
-0.021588128 -0.003029383
-0.012611199 -0.003483099
-0.014071083 0.002089562
-0.009334907 -0.004182369
-0.011948609 0.002312641
-0.017574890 -0.003745114
-0.012979949 -0.003383745
-0.017617724 -0.000161803
-0.015443313 0.005425622
-0.011764883 -0.000551586
-0.015568134 0.001549553
-0.008771112 0.006806792
-0.007975430 0.002871955
-0.011671784 0.007022213
-0.022378447 0.000367493
-0.014485816 -0.004720228
-0.015990989 0.002283738
-0.007997655 0.008837242
-0.018846865 0.009557665
-0.018404892 -0.001642603
-0.016220900 0.002821145
-0.019174242 -0.000885917
-0.008500027 0.000599277
-0.026185435 0.012862854
-0.017695081 -0.002897763
-0.019190229 0.005418042
-0.020311301 0.006527238
-0.008410931 0.005538796
-0.017704598 0.005699797
-0.028639854 0.006485342
-0.008382147 0.009641712
-0.019569189 0.009111053
-0.015969186 0.009760600
-0.020313961 0.002228265
-0.010932519 0.011954732
-0.015043185 0.012531204
-0.012421322 0.007044407
-0.013172896 0.004456832
-0.021544622 0.008408388
-0.014552177 0.002134066
-0.009231141 0.011557314
-0.017483977 0.010819178
-0.024045076 0.016251896
-0.019895098 0.014920747
-0.025576951 0.007699616
-0.009197655 0.012580976
-0.019687576 0.014638923
-0.005108473 0.007465279
-0.015208331 0.008085002
-0.015139695 0.013280845
-0.019445802 0.013622081
-0.007874786 0.014092665
-0.010612425 0.014580122
-0.028589065 0.017564881
-0.012639617 0.013928319
-0.023220816 0.018498390
-0.015809434 0.008147454
-0.016126575 0.015431609
-0.024281600 0.013241791
-0.012847271 0.020056114
-0.025414154 0.013530483
-0.012793890 0.023557429
-0.027504246 0.021135447
-0.013534358 0.027824768
-0.017009471 0.025480332
-0.027223202 0.015839082
-0.017393008 0.019221858
-0.012889744 0.012760549
-0.026469391 0.016190378
-0.014672206 0.018542519
-0.014831596 0.009145493
-0.025020142 0.016108343
-0.012074452 0.020987506
-0.026729777 0.017141092
-0.012791952 0.016451197
-0.023809011 0.023001108
-0.023645777 0.016764600
-0.020188595 0.023970105
-0.017529818 0.030585095
-0.019536210 0.021381294
-0.018385342 0.021295638
-0.019006952 0.018114877
-0.019565998 0.026792434
-0.015036995 0.019884125
-0.017171353 0.023008735
-0.010798388 0.022848741
-0.021500927 0.027537540
-0.010433531 0.026680214
-0.030903363 0.025335605
-0.011945409 0.019520953
-0.018909988 0.033207737
-0.024072933 0.031426814
-0.014924717 0.023267964
-0.012910697 0.025714817
-0.021747559 0.023815488
-0.026594663 0.026890529
-0.016359187 0.024643961
-0.014150323 0.029499176
-0.016222428 0.030573606
-0.025515213 0.037077768
-0.019893823 0.025467940
-0.013527912 0.031134415
-0.012664064 0.030145765
-0.019816499 0.029697538
-0.029119487 0.027908218
-0.014826677 0.032383216
-0.020805014 0.032432409
-0.012631566 0.023376778
-0.015297204 0.034056884
-0.017743552 0.029343734
-0.009253831 0.037547070
-0.018566901 0.032220415
-0.018767707 0.030940705
-0.014894603 0.038928428
-0.015827923 0.027631618
-0.018801918 0.029602016
-0.025868123 0.027207866
-0.018184101 0.042119507
-0.025441625 0.034037524
-0.022448602 0.030982520
-0.017450174 0.033942962
-0.018803043 0.033761741
-0.010089374 0.038547512
-0.018668487 0.036680078
-0.016157214 0.028044576
-0.032152814 0.040223250
-0.007835802 0.041873710
-0.009510815 0.035623840
-0.015155933 0.042331299
-0.022043078 0.046841581
-0.021372683 0.035543876
-0.010298720 0.033194199
-0.020260993 0.037173216
-0.013219966 0.034816438
-0.020158063 0.044449672
-0.014977446 0.040377920
-0.018608228 0.044078100
-0.014779212 0.037956732
-0.020077325 0.047144578
-0.019259956 0.039050777
-0.014531844 0.046810108
-0.022628514 0.039147453
-0.008929270 0.044931321
-0.020102490 0.035511937
-0.014942400 0.046671744
-0.014747984 0.045233530
-0.018807979 0.040934874
-0.018902189 0.045655819
-0.021371064 0.040837988
-0.008790076 0.037539299
-0.015002217 0.043009177
-0.015480405 0.039361125
-0.016992443 0.047307621
-0.016551654 0.051788185
-0.012695019 0.045702908
-0.022325179 0.043003835
-0.017802609 0.051114814
-0.019632237 0.049146469
-0.013453309 0.046601183
-0.018605703 0.053501455
-0.025332592 0.048460075
-0.016634260 0.047775561
-0.019223410 0.062004810
-0.014216583 0.044464154
-0.011363614 0.045195766
-0.012945658 0.052555122
-0.018268253 0.046234255
-0.018959682 0.053888482
-0.011918627 0.051683948
-0.009754376 0.052140649
-0.019049376 0.052417519
-0.013427137 0.055405946
-0.011994890 0.053636869
-0.010152813 0.056358967
-0.009789984 0.052152689
-0.015151555 0.062433563
-0.011241004 0.054368579
-0.002664892 0.061898957
-0.022714218 0.053105288
-0.021218683 0.053453448
-0.010239923 0.050580613
-0.005560046 0.059041521
-0.020604139 0.051841701
-0.002562345 0.054012691
-0.013880968 0.046580880
-0.006086901 0.057135991
-0.012636468 0.053835013
-0.007057674 0.047333689
-0.011310390 0.049593308
-0.016682532 0.054658982
-0.008035065 0.054864180
-0.012364498 0.057381617
-0.002486761 0.057818193
-0.015134749 0.057998807
-0.008401956 0.065695420
-0.017393639 0.058245957
-0.009525606 0.058492193
-0.009523464 0.051387532
-0.014272504 0.060256591
-0.011165172 0.056857938
-0.009782448 0.063462401
-0.010647035 0.066184580
-0.018722407 0.059772894
-0.007309141 0.055927611
-0.015591514 0.057507617
-0.003716317 0.066642395
-0.008945630 0.065981132
-0.005968541 0.061074603
-0.008162947 0.061250592
-0.003009101 0.065069206
-0.012102359 0.059129298
-0.009200435 0.061760100
-0.008812278 0.058911818
-0.004008310 0.057917698
-0.002652100 0.074492026
-0.008397886 0.061317833
-0.008069223 0.072350599
-0.009071578 0.060643095
-0.003669298 0.072839469
-0.005533886 0.068700399
-0.004533503 0.055219090
-0.010765589 0.067125221
-0.000501628 0.071118116
-0.016083219 0.073633297
0.001550336 0.066068807
-0.008149033 0.066009854
-0.004750540 0.068527265
-0.001557071 0.069296939
-0.004830898 0.070676194
0.000520917 0.063530869
-0.006755512 0.070687233
0.000535697 0.076246587
-0.003178377 0.067319050
-0.010452577 0.073965129
-0.004024523 0.070557656
-0.006355155 0.072769012
-0.002130056 0.071649207
-0.004521095 0.065283629
-0.006037356 0.067418204
-0.014705536 0.068532288
-0.003787005 0.071976803
0.005014934 0.075421951
-0.005647084 0.065848629
-0.002095263 0.075501840
-0.002178492 0.074421186
0.000291136 0.080243806
0.001982049 0.076364965
-0.000202397 0.071006870
-0.007471307 0.075138287
-0.007777095 0.074026861
-0.003409396 0.073180106
-0.002142121 0.083020943
0.002827887 0.075727301
0.001239288 0.076962256
0.013056006 0.076664259
0.001787552 0.077930367
0.004888023 0.082598184
-0.001510596 0.076348018
-0.010994771 0.085661694
0.001200849 0.075988282
0.005539035 0.080837093
0.000795533 0.075775375
-0.001469497 0.075831993
0.002365622 0.082222636
0.012875146 0.076552768
0.008342937 0.085705125
0.007453137 0.078478634
0.009185241 0.085895770
0.004653120 0.087093051
-0.000909422 0.086573436
0.007294213 0.083945961
0.009427248 0.085129041
-0.001026103 0.079860379
0.002970965 0.079096586
0.005652772 0.086991734
0.010032493 0.074985277
0.002479560 0.086604300
0.003876506 0.087539806
0.005972518 0.071795952
0.006180993 0.077265984
0.005147906 0.089629555
0.005605440 0.085723666
0.008085752 0.084016354
0.014111263 0.091285035
-0.003959574 0.089602429
0.013407253 0.088776608
0.010649284 0.088851664
0.003493173 0.089844709
0.006554898 0.082187924
0.003585573 0.075118263
0.015687084 0.091178316
0.007556872 0.089823639
0.008881032 0.087361874
0.008212007 0.089501558
0.014823931 0.086710579
0.013222613 0.093878618
0.012387092 0.080884894
0.017717504 0.094269027
-0.001421828 0.082677860
0.016288603 0.082494320
0.012945156 0.092301104
0.027405747 0.088700137
0.009752219 0.097457480
0.015354087 0.085088701
0.024714592 0.090207657
0.017571094 0.096753113
0.013815167 0.088805313
0.009963960 0.090037814
0.022424237 0.090537350
0.010585623 0.095876737
0.008312499 0.086894810
0.014410281 0.088501545
0.017612607 0.090508846
0.020479598 0.083064126
0.023847991 0.095105621
0.018495262 0.082957276
0.019429316 0.081168188
0.016880564 0.097909920
0.014965247 0.097128997
0.015995395 0.093915728
0.014201069 0.098685461
0.018277687 0.091371171
0.027533135 0.087764046
0.019250033 0.103088758
0.017538557 0.093836315
0.028496859 0.098779690
0.019480916 0.089020238
0.025846033 0.093049774
0.022166209 0.094286709
0.017581723 0.094530747
0.027332250 0.094434623
0.021584567 0.093523550
0.018473884 0.099393391
0.024951379 0.094879229
0.033667348 0.100525544
0.016322668 0.096082716
0.023375190 0.103748094
0.024787409 0.093753139
0.020218952 0.099633277
0.024396892 0.098313305
0.028759999 0.101415063
0.020942695 0.092571928
0.030249272 0.110381753
0.019172543 0.115604553
0.020918082 0.094836559
0.016470842 0.092948299
0.021761290 0.095351759
0.025502255 0.100475868
0.031150063 0.092940087
0.031426891 0.098666593
0.028394957 0.099744065
0.031618512 0.104377190
0.031036184 0.100474559
0.032923928 0.105872952
0.019228348 0.104037191
0.028116108 0.099411980
0.023506588 0.096906141
0.025686666 0.094805650
0.033483195 0.097039306
0.035588576 0.102423285
0.030300371 0.104025272
0.035786808 0.097500509
0.026016275 0.103870990
0.029438692 0.099821096
0.028621684 0.094276649
0.040620962 0.098787330
0.030399932 0.103312888
0.027897920 0.101773225
0.039442226 0.108572527
0.028024316 0.111738524
0.037311648 0.101624928
0.020783550 0.105618207
0.039685819 0.094587241
0.040675502 0.108965085
0.033145135 0.100042081
0.036762779 0.110472770
0.035143694 0.104520509
0.029706522 0.107596684
0.044914598 0.103288151
0.040489009 0.100237575
0.047579824 0.106641094
0.049065721 0.104346075
0.034610432 0.105728933
0.039969076 0.109531752
0.039642891 0.100001372
0.044446178 0.110283557
0.039332307 0.110498420
0.046835453 0.103034778
0.035872188 0.105782134
0.038592424 0.103662044
0.035603383 0.104048584
0.038428431 0.103568829
0.034008929 0.111175103
0.044397094 0.106998882
0.044876875 0.105910940
0.042665730 0.104192337
0.041317173 0.112439688
0.046460116 0.107409593
0.045520865 0.102661735
0.041449512 0.109982224
0.040922246 0.113315764
0.047522324 0.103179818
0.045161020 0.109773224
0.042872150 0.109428521
0.047005355 0.121114006
0.043410763 0.106920324
0.057588272 0.110066596
0.045859356 0.103868757
0.048456142 0.111356660
0.044549945 0.114650315
0.047100199 0.113272799
0.044279467 0.114485135
0.039707589 0.111442989
0.045471795 0.111406162
0.050178960 0.115120097
0.047021048 0.113426194
0.055671786 0.106717264
0.051015699 0.112769862
0.056121855 0.105480485
0.054444619 0.112390468
0.050265472 0.111035703
0.056101749 0.114009026
0.044946144 0.115764246
0.059976410 0.111752826
0.058306576 0.108214477
0.049445664 0.112190790
0.048782925 0.117539341
0.057742337 0.107057212
0.048311301 0.109390794
0.058286369 0.109807239
0.049640534 0.113141265
0.053298509 0.112720675
0.061417103 0.114159212
0.048546469 0.104436789
0.064192460 0.112667634
0.059670541 0.115836887
0.057670488 0.119074286
ch> data 1
-0.000581778 -0.017938810
-0.000312757 -0.028604414
-0.000742736 -0.021821486
0.000404803 -0.020647967
0.000743735 -0.020077920
-0.001817489 -0.014514946
-0.001199871 -0.017000637
-0.000878790 -0.021609894
-0.000681251 -0.010530324
-0.001342771 -0.022672639
-0.000350123 -0.022147667
-0.002106740 -0.028892137
-0.000082953 -0.012448890
-0.000049148 -0.013239324
0.001580061 -0.022674750
-0.001167875 -0.014063613
-0.000172318 -0.020812465
-0.000159411 -0.022670830
-0.001317380 -0.021791466
-0.000795431 -0.018685124
-0.000194576 -0.018511767
-0.000937727 -0.026164771
-0.001442126 -0.025093137
0.001123377 -0.023556708
-0.000428638 -0.022738699
0.000319215 -0.011159201
-0.000373571 -0.025370194
0.000625686 -0.026723906
-0.000560623 -0.030078453
-0.000602308 -0.018512843
-0.001290809 -0.035312016
0.000156146 -0.021069684
-0.000302070 -0.025859433
0.000909562 -0.021196500
-0.000123657 -0.040582891
0.000509383 -0.024275924
0.000789583 -0.035245240
0.000654492 -0.018021102
-0.001172628 -0.020460274
0.001001275 -0.031345414
0.000508426 -0.028473802
-0.000177915 -0.032322530
0.001763812 -0.027187724
-0.000643296 -0.022271676
0.000336611 -0.023568777
0.000883449 -0.022304266
-0.000168410 -0.025199102
-0.000322131 -0.030951521
0.000827881 -0.036446582
0.000792050 -0.020898985
-0.000288103 -0.031982859
0.002343508 -0.032110904
0.000648794 -0.034588368
0.001260629 -0.023220065
0.000290359 -0.035524376
-0.000934954 -0.032477825
-0.000081273 -0.032255754
0.000177062 -0.027703677
0.000108647 -0.037238417
-0.000220322 -0.025728628
0.000607081 -0.036885803
0.000423760 -0.021319226
-0.000258606 -0.025127518
0.000114683 -0.024122078
0.002071074 -0.030307230
0.000841945 -0.031835456
-0.000399897 -0.039593299
-0.000532477 -0.035303375
0.000245989 -0.028228919
0.000224948 -0.036298394
-0.001057324 -0.037527534
0.000955048 -0.033223135
0.000127691 -0.037396914
-0.000121348 -0.034952963
-0.000997353 -0.035006697
-0.000097738 -0.033262796
-0.000427861 -0.024584420
0.000000210 -0.037738391
-0.000683339 -0.022749718
-0.001474238 -0.038478761
-0.000813765 -0.035458779
-0.000321154 -0.041085962
-0.000934665 -0.045316361
-0.000274933 -0.032582380
0.000770237 -0.030769700
-0.000850343 -0.041075250
0.000676805 -0.038806121
0.000160337 -0.042871699
-0.000086737 -0.041180486
-0.001385368 -0.040740171
-0.000162579 -0.038082757
0.000053071 -0.038774184
-0.001457384 -0.040656534
-0.000172061 -0.037727314
-0.000875853 -0.045001999
0.000943283 -0.043200815
0.000481939 -0.035571529
-0.000679389 -0.037701153
0.000097422 -0.041795984
0.001101797 -0.036620687
-0.000708937 -0.041204224
-0.000146840 -0.041425669
-0.000123431 -0.042079416
-0.000083835 -0.043566039
-0.000179062 -0.038447233
-0.000257581 -0.036812841
-0.000134945 -0.033761398
-0.000113185 -0.040955119
-0.000172910 -0.034958791
-0.000164629 -0.044185403
-0.000238994 -0.044345321
-0.000190642 -0.042911253
-0.000113745 -0.042224078
-0.000151624 -0.045263988
-0.000067378 -0.040583037
-0.000157005 -0.041003855
-0.000071578 -0.040638117
-0.000150062 -0.042160420
-0.000079081 -0.051602527
-0.000112361 -0.038859194
-0.000203245 -0.035069381
-0.000252875 -0.043192292
-0.000188604 -0.039293719
-0.000131476 -0.034302123
-0.000127790 -0.047037949
-0.000206675 -0.046546425
-0.000193422 -0.034589655
-0.000233149 -0.036540576
-0.000130897 -0.042446195
-0.000257422 -0.046225489
-0.000195380 -0.039433144
-0.000097672 -0.044737133
-0.000226117 -0.041867993
-0.000258123 -0.047507992
-0.000189085 -0.046712131
-0.000121258 -0.047853212
-0.000154773 -0.045492893
-0.000190922 -0.049798389
-0.000203181 -0.048894980
-0.000164316 -0.050060036
-0.000117595 -0.042180074
-0.000167344 -0.055813561
-0.000121070 -0.055104345
-0.000149540 -0.040467089
-0.000139077 -0.036613006
-0.000215996 -0.041557985
-0.000218771 -0.052418345
-0.000190453 -0.048941422
-0.000180085 -0.048923637
-0.000116891 -0.049870824
-0.000173646 -0.044155085
-0.000135885 -0.046253846
-0.000190667 -0.056661799
-0.000180967 -0.044018644
-0.000156054 -0.048830446
-0.000164696 -0.042059753
-0.000179921 -0.043329144
-0.000222296 -0.044716942
-0.000170044 -0.046390252
-0.000266855 -0.053368899
-0.000319317 -0.047260757
-0.000117630 -0.057166820
-0.000256671 -0.046894058
-0.000132752 -0.051472312
-0.000273417 -0.043140834
-0.000092644 -0.048413835
-0.000199457 -0.048752389
-0.000201690 -0.052754521
-0.000252202 -0.040436581
-0.000103364 -0.043238113
-0.000193263 -0.046353906
-0.000171742 -0.037734401
-0.000152018 -0.049850495
-0.000170539 -0.043610062
-0.000172010 -0.050207554
-0.000198978 -0.044801847
-0.000212356 -0.045656339
-0.000176988 -0.051931370
-0.000181950 -0.044990263
-0.000132273 -0.057361380
-0.000049058 -0.056316915
-0.000206639 -0.051711087
-0.000158439 -0.050888830
-0.000188027 -0.042026614
-0.000089584 -0.051852950
-0.000138330 -0.054716410
-0.000149434 -0.050247980
-0.000085950 -0.051470814
-0.000127280 -0.054334734
-0.000155731 -0.045973872
-0.000079615 -0.044719199
-0.000056144 -0.058802475
-0.000129676 -0.046832841
-0.000213772 -0.049720581
-0.000077867 -0.049383458
-0.000124992 -0.051670984
-0.000162704 -0.049688680
-0.000169507 -0.049809495
-0.000115491 -0.051808829
-0.000167321 -0.055288352
-0.000132475 -0.051713267
-0.000121317 -0.050220883
-0.000145111 -0.048692007
-0.000059177 -0.045773163
-0.000184539 -0.050011771
-0.000136047 -0.049189823
-0.000154550 -0.059585115
-0.000125755 -0.048216748
-0.000122948 -0.054418968
-0.000132155 -0.050293680
-0.000125924 -0.049491796
-0.000094705 -0.065440475
-0.000090761 -0.048510702
-0.000088822 -0.048861043
-0.000079008 -0.051008276
-0.000012703 -0.059864094
-0.000088555 -0.046576634
-0.000061905 -0.046684404
-0.000160661 -0.052899252
-0.000104231 -0.049721514
-0.000183049 -0.058071020
-0.000114689 -0.048578579
-0.000109397 -0.059348271
-0.000131839 -0.053266047
-0.000115343 -0.046802553
-0.000183595 -0.064023567
-0.000109743 -0.052319536
-0.000145880 -0.058397800
0.000022879 -0.047080459
-0.000095138 -0.056534349
-0.000067636 -0.054216375
-0.000101548 -0.050940826
-0.000111095 -0.054133290
-0.000080377 -0.050335930
-0.000099119 -0.051588237
-0.000132291 -0.052154830
-0.000131539 -0.057519672
-0.000142807 -0.047329133
-0.000099745 -0.052570326
-0.000166516 -0.053011017
-0.000102857 -0.056882637
-0.000149833 -0.050391471
-0.000091120 -0.048771010
-0.000023147 -0.056251143
-0.000097106 -0.050713751
-0.000090026 -0.043642503
-0.000038426 -0.048479317
-0.000202007 -0.044288120
-0.000035450 -0.052912109
-0.000157040 -0.055626082
-0.000053948 -0.058900664
-0.000095158 -0.055143957
-0.000052966 -0.056231649
-0.000135133 -0.055608280
-0.000068578 -0.051928399
-0.000034936 -0.053000752
-0.000088036 -0.053930804
-0.000148374 -0.058302690
-0.000130472 -0.058386531
-0.000023714 -0.056303245
-0.000073797 -0.063538274
-0.000004901 -0.047103969
-0.000099805 -0.058138653
-0.000163971 -0.052215582
-0.000006087 -0.058598183
-0.000020803 -0.049901526
-0.000077557 -0.061391204
0.000039393 -0.056209870
-0.000025287 -0.057976654
-0.000150892 -0.048353406
-0.000062562 -0.055284576
-0.000024490 -0.055524022
-0.000110228 -0.049467310
-0.000028802 -0.059326827
-0.000051954 -0.056531273
0.000018103 -0.054774121
-0.000060258 -0.050586501
-0.000080051 -0.061871652
0.000032900 -0.048579403
-0.000026936 -0.056534851
-0.000042285 -0.055137754
0.000033673 -0.052864826
-0.000039245 -0.057188258
-0.000078854 -0.053179923
-0.000036547 -0.050706182
-0.000036562 -0.056812481
-0.000010594 -0.044222861
0.000007711 -0.059150570
0.000005797 -0.053584885
0.000020565 -0.057261280
-0.000016013 -0.049852869
-0.000013883 -0.055012387
-0.000023084 -0.055447269
-0.000084761 -0.049661267
-0.000043509 -0.051018801
0.000003355 -0.046548175
-0.000116395 -0.052299620
0.000004839 -0.044886768
0.000000642 -0.059809124
-0.000173746 -0.060454930
0.000002383 -0.048691874
-0.000071808 -0.051890794
-0.000121997 -0.048603458
-0.000005322 -0.047986918
0.000018713 -0.051135292
0.000036550 -0.053659225
0.000020556 -0.049633392
-0.000026739 -0.053983394
0.000005251 -0.048194224
-0.000090104 -0.058432671
0.000102984 -0.055335499
-0.000032524 -0.062167592
-0.000000757 -0.046114587
0.000037188 -0.048354241
-0.000085973 -0.056241839
-0.000104027 -0.047616486
-0.000081560 -0.051720551
-0.000023438 -0.052931223
-0.000061929 -0.054238915
-0.000089893 -0.059329084
-0.000014515 -0.047888940
-0.000157008 -0.054376056
-0.000122272 -0.050696266
-0.000162914 -0.055978385
-0.000098546 -0.050578324
-0.000107523 -0.051157802
-0.000111340 -0.047982825
-0.000177443 -0.048401554
-0.000159925 -0.042628828
-0.000235799 -0.048912125
-0.000100831 -0.049569524
-0.000107615 -0.051453655
-0.000054588 -0.050903456
-0.000226267 -0.045290288
-0.000142039 -0.053544872
-0.000178149 -0.045501664
-0.000147612 -0.055557207
-0.000072405 -0.050752911
-0.000072974 -0.046412575
-0.000108348 -0.051514387
-0.000112180 -0.053378306
-0.000049882 -0.046166947
-0.000168853 -0.057105306
-0.000119804 -0.055959887
-0.000071592 -0.055522735
0.000061315 -0.052645725
0.000102467 -0.053865686
-0.000016078 -0.048997104
0.000148448 -0.047472762
0.000088183 -0.046413453
0.000091558 -0.047581594
0.000159350 -0.052489559
0.000175981 -0.046588021
0.000111533 -0.048664400
0.000059724 -0.044201683
0.000107373 -0.048551999
0.000115452 -0.049646010
0.000052070 -0.046480939
0.000101887 -0.047353647
-0.000012959 -0.051690541
-0.000078788 -0.047120469
-0.000139629 -0.037497068
-0.000056586 -0.055821575
-0.000056085 -0.050713225
-0.000177548 -0.043809016
-0.000145007 -0.041930592
-0.000077284 -0.045660524
-0.000160089 -0.044677258
-0.000059678 -0.041389939
-0.000056674 -0.049950502
-0.000052239 -0.055462825
-0.000094033 -0.046308629
-0.000221524 -0.049704050
0.000015253 -0.049360640
-0.000030662 -0.039366462
-0.000071330 -0.047873136
-0.000129404 -0.033527707
-0.000079126 -0.041284395
-0.000031507 -0.046354792
-0.000000845 -0.044446545
-0.000027125 -0.049016224
0.000074588 -0.035757667
-0.000118576 -0.054971040
-0.000069651 -0.046674104
0.000118679 -0.051400179
-0.000067091 -0.042412088
-0.000047777 -0.049382248
-0.000042342 -0.046141383
0.000052937 -0.049691579
-0.000003355 -0.049415326
0.000106857 -0.046091376
0.000258858 -0.047206785
0.000031077 -0.043643903
0.000177056 -0.049459454
0.000003183 -0.044599267
0.000184949 -0.044397909
0.000187505 -0.045588328
0.000169448 -0.039485625
0.000149996 -0.046862471
0.000104497 -0.037889841
0.000226424 -0.037737681
-0.000271755 -0.045681385
-0.000113142 -0.035841839
-0.000165654 -0.044943307
-0.000144137 -0.046004817
-0.000149992 -0.038486544
-0.000132786 -0.043388586
-0.000078530 -0.039502521
-0.000129324 -0.034409429
-0.000101497 -0.040508381
-0.000048665 -0.049216526
-0.000087179 -0.043209409
-0.000119704 -0.042911526
-0.000161005 -0.034994193
-0.000128213 -0.038838370
-0.000048616 -0.040327238
-0.000083270 -0.040487619
-0.000049908 -0.041070030
-0.000122412 -0.040020168
-0.000092489 -0.035917554
-0.000088175 -0.034435614
-0.000120188 -0.047996310
-0.000130348 -0.033577338
-0.000119555 -0.034015386
-0.000123179 -0.038371233
-0.000102591 -0.035269530
0.000068050 -0.039074889
-0.000151967 -0.045070091
-0.000054397 -0.030971307
-0.000033990 -0.040912916
-0.000178590 -0.043620506
-0.000093895 -0.036887505
-0.000051232 -0.033635329
0.000026271 -0.034097065
-0.000050315 -0.034574985
-0.000035658 -0.040141647
-0.000067419 -0.041934926
-0.000060238 -0.036688867
0.000013724 -0.042131812
-0.000056384 -0.028452749
-0.000146421 -0.041518387
-0.000034435 -0.027246191
-0.000108277 -0.038107900
-0.000015702 -0.041307818
-0.000033703 -0.028975392
-0.000097735 -0.031443485
-0.000023129 -0.038189806
-0.000083205 -0.025595922
-0.000017021 -0.034427133
-0.000055497 -0.034521594
-0.000062498 -0.029918099
-0.000142467 -0.028443361
0.000009081 -0.032005775
-0.000010177 -0.030048629
0.000017597 -0.029109892
-0.000122917 -0.037314705
0.000034491 -0.031281847
0.000017937 -0.029347139
0.000006875 -0.035170583
0.000005911 -0.038850478
-0.000057749 -0.034419257
0.000039640 -0.034235475
-0.000083584 -0.026724847
0.000028542 -0.028416557
-0.000068794 -0.032908654
-0.000068871 -0.029681729
-0.000040246 -0.033844276
0.000016495 -0.023823639
-0.000028276 -0.035444477
-0.000039378 -0.030317919
-0.000065960 -0.021434818
0.000038339 -0.023395929
-0.000058553 -0.025131356
-0.000031409 -0.027768996
0.000008400 -0.031035059
0.000003678 -0.024992957
-0.000002848 -0.024730533
0.000031424 -0.026767108
0.000014917 -0.020104670
-0.000004467 -0.032430805
-0.000123163 -0.035407776
-0.000000906 -0.026946383
-0.000017268 -0.025337418
-0.000021330 -0.030640724
-0.000024481 -0.027613392
0.000030522 -0.024939810
-0.000046296 -0.026012127
0.000027610 -0.027429967
-0.000031067 -0.019754145
-0.000017881 -0.014237638
-0.000006675 -0.028868459
0.000018487 -0.026332307
0.000031043 -0.019730750
0.000036856 -0.018217981
-0.000006834 -0.021104404
-0.000019245 -0.013529523
-0.000051210 -0.018188860
-0.000098314 -0.018260490
0.000033031 -0.025123537
0.000012239 -0.026149896
-0.000051598 -0.025852585
-0.000011293 -0.020885799
-0.000006653 -0.023450497
-0.000029409 -0.024334164
0.000011248 -0.022902102
0.000005009 -0.017743985
-0.000088309 -0.020897290
-0.000035599 -0.020231830
-0.000102322 -0.016376130
0.000010754 -0.015481938
0.000007311 -0.015096853
-0.000017802 -0.015007223
-0.000059404 -0.019491604
-0.000078048 -0.016631862
-0.000001676 -0.026001246
-0.000008930 -0.019899154
-0.000032893 -0.007108417
-0.000041294 -0.019000749
-0.000078726 -0.017325111
-0.000061752 -0.022526224
-0.000072650 -0.021707294
-0.000095656 -0.014211335
0.000059019 -0.023885966
-0.000002731 -0.017602922
-0.000005857 -0.010331274
-0.000086228 -0.015004101
-0.000012524 -0.004743049
-0.000047433 -0.008920990
-0.000087984 -0.021760348
-0.000124407 -0.006000153
-0.000077624 -0.017707473
-0.000107598 -0.010060734
-0.000111507 -0.011550839
-0.000120915 -0.020527081
-0.000014722 -0.013297247
-0.000100219 -0.013012800
-0.000151451 -0.002417594
-0.000022818 -0.017730576
-0.000156592 -0.014659731
-0.000109730 -0.007729115
-0.000092108 -0.013808387
-0.000119456 -0.004888876
-0.000091724 -0.021243692
-0.000022168 -0.013644418
-0.000131955 -0.002442389
-0.000121022 -0.007990999
-0.000079920 -0.008301278
-0.000118052 -0.006874630
-0.000095746 -0.005067394
-0.000111161 -0.010809957
-0.000195191 -0.007518016
-0.000150523 -0.004594673
-0.000150756 -0.010802534
-0.000097935 -0.013080047
-0.000098509 -0.004100289
-0.000133735 0.001487841
-0.000268047 -0.009295226
-0.000167805 0.002386421
-0.000112597 0.001650102
-0.000190951 -0.010268753
-0.000105749 -0.007121457
-0.000101756 -0.007937090
-0.000157127 -0.004668559
-0.000110017 0.006077945
-0.000127435 -0.003029383
-0.000145052 -0.003483099
-0.000187006 0.002089562
-0.000249284 -0.004182369
-0.000159941 0.002312641
-0.000125056 -0.003745114
-0.000222780 -0.003383745
-0.000103966 -0.000161803
-0.000212098 0.005425622
-0.000205280 -0.000551586
-0.000175166 0.001549553
-0.000180929 0.006806792
-0.000098398 0.002871955
-0.000207022 0.007022213
-0.000208170 0.000367493
-0.000232580 -0.004720228
-0.000176405 0.002283738
-0.000170507 0.008837242
-0.000147466 0.009557665
-0.000189394 -0.001642603
-0.000266559 0.002821145
-0.000128968 -0.000885917
-0.000243414 0.000599277
-0.000199209 0.012862854
-0.000182071 -0.002897763
-0.000155471 0.005418042
-0.000191074 0.006527238
-0.000265653 0.005538796
-0.000132068 0.005699797
-0.000113945 0.006485342
-0.000086750 0.009641712
-0.000133430 0.009111053
-0.000196099 0.009760600
-0.000146177 0.002228265
-0.000093319 0.011954732
-0.000178245 0.012531204
-0.000136191 0.007044407
-0.000135227 0.004456832
-0.000151569 0.008408388
-0.000162713 0.002134066
-0.000073924 0.011557314
-0.000170824 0.010819178
-0.000159327 0.016251896
-0.000077086 0.014920747
-0.000116592 0.007699616
-0.000114050 0.012580976
-0.000128420 0.014638923
-0.000157457 0.007465279
-0.000084665 0.008085002
-0.000078156 0.013280845
-0.000208886 0.013622081
-0.000183384 0.014092665
-0.000078799 0.014580122
-0.000038975 0.017564881
-0.000059721 0.013928319
-0.000093467 0.018498390
-0.000024563 0.008147454
-0.000022580 0.015431609
-0.000082244 0.013241791
-0.000063208 0.020056114
-0.000114921 0.013530483
-0.000077647 0.023557429
-0.000091815 0.021135447
-0.000056845 0.027824768
-0.000156323 0.025480332
-0.000090763 0.015839082
-0.000078637 0.019221858
-0.000084942 0.012760549
-0.000065117 0.016190378
-0.000050935 0.018542519
-0.000036167 0.009145493
-0.000053976 0.016108343
0.000015493 0.020987506
-0.000018813 0.017141092
-0.000025877 0.016451197
-0.000018017 0.023001108
-0.000063336 0.016764600
-0.000013635 0.023970105
-0.000065961 0.030585095
-0.000066306 0.021381294
0.000025946 0.021295638
-0.000022042 0.018114877
-0.000065939 0.026792434
-0.000008911 0.019884125
0.000021714 0.023008735
-0.000105584 0.022848741
-0.000011790 0.027537540
0.000052698 0.026680214
0.000033761 0.025335605
-0.000023146 0.019520953
-0.000012126 0.033207737
0.000026221 0.031426814
0.000017482 0.023267964
0.000055446 0.025714817
0.000055276 0.023815488
-0.000022651 0.026890529
-0.000005898 0.024643961
0.000058812 0.029499176
-0.000095918 0.030573606
-0.000015217 0.037077768
0.000005361 0.025467940
0.000064040 0.031134415
0.000021208 0.030145765
-0.000009393 0.029697538
0.000033591 0.027908218
-0.000014503 0.032383216
0.000034833 0.032432409
-0.000018886 0.023376778
0.000034834 0.034056884
-0.000117109 0.029343734
0.000016141 0.037547070
-0.000000696 0.032220415
-0.000021480 0.030940705
0.000057077 0.038928428
-0.000066183 0.027631618
0.000030582 0.029602016
0.000011413 0.027207866
0.000104740 0.042119507
0.000033765 0.034037524
0.000016221 0.030982520
0.000090608 0.033942962
0.000023416 0.033761741
-0.000026708 0.038547512
0.000030740 0.036680078
-0.000020686 0.028044576
-0.000045885 0.040223250
0.000038760 0.041873710
0.000072357 0.035623840
0.000028187 0.042331299
0.000026578 0.046841581
0.000099831 0.035543876
0.000019491 0.033194199
-0.000112671 0.037173216
0.000081625 0.034816438
0.000012234 0.044449672
-0.000062300 0.040377920
-0.000009608 0.044078100
0.000011794 0.037956732
0.000084127 0.047144578
-0.000032191 0.039050777
0.000035315 0.046810108
-0.000017421 0.039147453
-0.000033305 0.044931321
-0.000049840 0.035511937
-0.000014251 0.046671744
-0.000011017 0.045233530
0.000000888 0.040934874
-0.000106019 0.045655819
0.000058332 0.040837988
-0.000045054 0.037539299
-0.000075495 0.043009177
-0.000104932 0.039361125
-0.000045908 0.047307621
-0.000055252 0.051788185
0.000015888 0.045702908
-0.000024211 0.043003835
-0.000059860 0.051114814
0.000010417 0.049146469
0.000036065 0.046601183
-0.000031135 0.053501455
0.000104225 0.048460075
-0.000024119 0.047775561
0.000000603 0.062004810
-0.000140491 0.044464154
-0.000086180 0.045195766
-0.000104528 0.052555122
-0.000057112 0.046234255
-0.000139082 0.053888482
-0.000032674 0.051683948
-0.000080609 0.052140649
-0.000087520 0.052417519
-0.000059937 0.055405946
-0.000032596 0.053636869
-0.000022192 0.056358967
0.000123876 0.052152689
-0.000071685 0.062433563
-0.000048641 0.054368579
-0.000007510 0.061898957
-0.000059306 0.053105288
-0.000074407 0.053453448
-0.000125752 0.050580613
-0.000149225 0.059041521
-0.000165606 0.051841701
-0.000073864 0.054012691
-0.000074561 0.046580880
-0.000145812 0.057135991
-0.000098592 0.053835013
-0.000118331 0.047333689
-0.000204236 0.049593308
-0.000161287 0.054658982
-0.000063662 0.054864180
-0.000155517 0.057381617
-0.000065674 0.057818193
-0.000111887 0.057998807
-0.000157610 0.065695420
-0.000131797 0.058245957
-0.000066094 0.058492193
-0.000082490 0.051387532
-0.000043587 0.060256591
-0.000177247 0.056857938
-0.000089836 0.063462401
-0.000049639 0.066184580
-0.000160128 0.059772894
-0.000056194 0.055927611
-0.000123925 0.057507617
-0.000154281 0.066642395
-0.000187364 0.065981132
-0.000070648 0.061074603
0.000038209 0.061250592
-0.000023088 0.065069206
-0.000030294 0.059129298
-0.000047803 0.061760100
-0.000074924 0.058911818
-0.000105603 0.057917698
0.000024667 0.074492026
-0.000069270 0.061317833
-0.000111243 0.072350599
-0.000138919 0.060643095
-0.000128347 0.072839469
-0.000316459 0.068700399
-0.000123425 0.055219090
-0.000172758 0.067125221
-0.000143553 0.071118116
-0.000139738 0.073633297
-0.000152686 0.066068807
-0.000083454 0.066009854
-0.000093595 0.068527265
-0.000155986 0.069296939
-0.000205506 0.070676194
-0.000177741 0.063530869
-0.000140998 0.070687233
-0.000171493 0.076246587
-0.000069526 0.067319050
-0.000209910 0.073965129
-0.000124380 0.070557656
-0.000143926 0.072769012
-0.000017953 0.071649207
-0.000008558 0.065283629
-0.000123312 0.067418204
-0.000020977 0.068532288
-0.000047417 0.071976803
-0.000198131 0.075421951
-0.000183701 0.065848629
-0.000094261 0.075501840
-0.000045022 0.074421186
-0.000223034 0.080243806
-0.000123945 0.076364965
-0.000191599 0.071006870
-0.000028445 0.075138287
-0.000131582 0.074026861
-0.000208273 0.073180106
-0.000062307 0.083020943
-0.000120438 0.075727301
-0.000065911 0.076962256
-0.000093993 0.076664259
-0.000181347 0.077930367
-0.000081561 0.082598184
-0.000053280 0.076348018
-0.000143421 0.085661694
-0.000097272 0.075988282
-0.000206761 0.080837093
-0.000172342 0.075775375
-0.000205844 0.075831993
-0.000191868 0.082222636
-0.000268844 0.076552768
-0.000057544 0.085705125
-0.000147670 0.078478634
-0.000058289 0.085895770
-0.000079323 0.087093051
-0.000169551 0.086573436
-0.000059444 0.083945961
-0.000127822 0.085129041
-0.000107349 0.079860379
-0.000223284 0.079096586
-0.000133253 0.086991734
-0.000061691 0.074985277
-0.000030806 0.086604300
-0.000203611 0.087539806
-0.000118191 0.071795952
-0.000098656 0.077265984
-0.000217500 0.089629555
-0.000067631 0.085723666
-0.000116253 0.084016354
-0.000045620 0.091285035
-0.000203536 0.089602429
-0.000136265 0.088776608
-0.000133214 0.088851664
-0.000110325 0.089844709
-0.000029632 0.082187924
-0.000067221 0.075118263
-0.000181978 0.091178316
-0.000076131 0.089823639
-0.000079670 0.087361874
-0.000120786 0.089501558
-0.000119830 0.086710579
-0.000116117 0.093878618
-0.000090327 0.080884894
-0.000012068 0.094269027
-0.000004570 0.082677860
-0.000042869 0.082494320
-0.000052430 0.092301104
0.000036148 0.088700137
-0.000145293 0.097457480
0.000025757 0.085088701
-0.000070177 0.090207657
-0.000044925 0.096753113
-0.000066858 0.088805313
-0.000070853 0.090037814
0.000015650 0.090537350
-0.000040756 0.095876737
0.000010671 0.086894810
-0.000034459 0.088501545
0.000024379 0.090508846
0.000009274 0.083064126
-0.000044696 0.095105621
-0.000114990 0.082957276
-0.000067117 0.081168188
-0.000045589 0.097909920
-0.000008582 0.097128997
0.000082713 0.093915728
0.000036270 0.098685461
-0.000113400 0.091371171
0.000062169 0.087764046
-0.000048650 0.103088758
0.000040727 0.093836315
-0.000009376 0.098779690
-0.000015010 0.089020238
0.000085975 0.093049774
0.000010278 0.094286709
0.000013252 0.094530747
0.000015421 0.094434623
0.000077668 0.093523550
0.000089955 0.099393391
-0.000010494 0.094879229
0.000078686 0.100525544
0.000119579 0.096082716
0.000033010 0.103748094
0.000119326 0.093753139
-0.000023802 0.099633277
0.000090739 0.098313305
0.000028135 0.101415063
0.000026355 0.092571928
0.000091791 0.110381753
0.000150019 0.115604553
0.000084981 0.094836559
0.000000229 0.092948299
0.000076803 0.095351759
0.000076660 0.100475868
0.000163148 0.092940087
0.000173335 0.098666593
0.000152610 0.099744065
0.000043771 0.104377190
0.000238648 0.100474559
0.000046426 0.105872952
0.000138075 0.104037191
0.000065981 0.099411980
0.000075817 0.096906141
0.000208510 0.094805650
0.000049153 0.097039306
0.000132379 0.102423285
0.000101762 0.104025272
0.000185635 0.097500509
0.000153066 0.103870990
0.000188643 0.099821096
0.000008680 0.094276649
0.000178670 0.098787330
0.000137776 0.103312888
0.000208178 0.101773225
0.000169112 0.108572527
0.000189341 0.111738524
0.000152710 0.101624928
0.000121561 0.105618207
0.000093149 0.094587241
0.000011298 0.108965085
0.000176788 0.100042081
0.000190060 0.110472770
0.000149932 0.104520509
0.000077684 0.107596684
0.000130162 0.103288151
0.000106685 0.100237575
0.000111358 0.106641094
0.000037526 0.104346075
0.000133614 0.105728933
0.000185490 0.109531752
0.000188107 0.100001372
0.000127072 0.110283557
0.000000569 0.110498420
0.000079950 0.103034778
0.000101182 0.105782134
0.000167355 0.103662044
0.000076856 0.104048584
0.000106195 0.103568829
0.000135430 0.111175103
0.000080263 0.106998882
0.000065656 0.105910940
-0.000020301 0.104192337
0.000123528 0.112439688
0.000254070 0.107409593
0.000030226 0.102661735
-0.000113840 0.109982224
-0.000027660 0.113315764
0.000039337 0.103179818
0.000122201 0.109773224
0.000046247 0.109428521
0.000015412 0.121114006
0.000093488 0.106920324
0.000049880 0.110066596
-0.000000468 0.103868757
-0.000122001 0.111356660
0.000105095 0.114650315
-0.000022705 0.113272799
0.000008019 0.114485135
-0.000099984 0.111442989
-0.000042499 0.111406162
-0.000195908 0.115120097
-0.000029651 0.113426194
-0.000089652 0.106717264
-0.000055160 0.112769862
-0.000039368 0.105480485
-0.000072777 0.112390468
-0.000032021 0.111035703
-0.000009365 0.114009026
0.000052003 0.115764246
-0.000031533 0.111752826
-0.000088353 0.108214477
-0.000075072 0.112190790
-0.000041208 0.117539341
0.000050398 0.107057212
-0.000035922 0.109390794
-0.000021479 0.109807239
-0.000081318 0.113141265
0.000010897 0.112720675
0.000060661 0.114159212
0.000019676 0.104436789
-0.000062231 0.112667634
-0.000073021 0.115836887
-0.000101694 0.119074286
