ch> sweep
13800000 15000000 1001
ch> marker
0 167 14000400
4 1000 0
5 513 0
ch> frequencies
13800000
13801200
13802400
13803600
13804800
13806000
13807200
13808400
13809600
13810800
13812000
13813200
13814400
13815600
13816800
13818000
13819200
13820400
13821600
13822800
13824000
13825200
13826400
13827600
13828800
13830000
13831200
13832400
13833600
13834800
13836000
13837200
13838400
13839600
13840800
13842000
13843200
13844400
13845600
13846800
13848000
13849200
13850400
13851600
13852800
13854000
13855200
13856400
13857600
13858800
13860000
13861200
13862400
13863600
13864800
13866000
13867200
13868400
13869600
13870800
13872000
13873200
13874400
13875600
13876800
13878000
13879200
13880400
13881600
13882800
13884000
13885200
13886400
13887600
13888800
13890000
13891200
13892400
13893600
13894800
13896000
13897200
13898400
13899600
13900800
13902000
13903200
13904400
13905600
13906800
13908000
13909200
13910400
13911600
13912800
13914000
13915200
13916400
13917600
13918800
13920000
13921200
13922400
13923600
13924800
13926000
13927200
13928400
13929600
13930800
13932000
13933200
13934400
13935600
13936800
13938000
13939200
13940400
13941600
13942800
13944000
13945200
13946400
13947600
13948800
13950000
13951200
13952400
13953600
13954800
13956000
13957200
13958400
13959600
13960800
13962000
13963200
13964400
13965600
13966800
13968000
13969200
13970400
13971600
13972800
13974000
13975200
13976400
13977600
13978800
13980000
13981200
13982400
13983600
13984800
13986000
13987200
13988400
13989600
13990800
13992000
13993200
13994400
13995600
13996800
13998000
13999200
14000400
14001600
14002800
14004000
14005200
14006400
14007600
14008800
14010000
14011200
14012400
14013600
14014800
14016000
14017200
14018400
14019600
14020800
14022000
14023200
14024400
14025600
14026800
14028000
14029200
14030400
14031600
14032800
14034000
14035200
14036400
14037600
14038800
14040000
14041200
14042400
14043600
14044800
14046000
14047200
14048400
14049600
14050800
14052000
14053200
14054400
14055600
14056800
14058000
14059200
14060400
14061600
14062800
14064000
14065200
14066400
14067600
14068800
14070000
14071200
14072400
14073600
14074800
14076000
14077200
14078400
14079600
14080800
14082000
14083200
14084400
14085600
14086800
14088000
14089200
14090400
14091600
14092800
14094000
14095200
14096400
14097600
14098800
14100000
14101200
14102400
14103600
14104800
14106000
14107200
14108400
14109600
14110800
14112000
14113200
14114400
14115600
14116800
14118000
14119200
14120400
14121600
14122800
14124000
14125200
14126400
14127600
14128800
14130000
14131200
14132400
14133600
14134800
14136000
14137200
14138400
14139600
14140800
14142000
14143200
14144400
14145600
14146800
14148000
14149200
14150400
14151600
14152800
14154000
14155200
14156400
14157600
14158800
14160000
14161200
14162400
14163600
14164800
14166000
14167200
14168400
14169600
14170800
14172000
14173200
14174400
14175600
14176800
14178000
14179200
14180400
14181600
14182800
14184000
14185200
14186400
14187600
14188800
14190000
14191200
14192400
14193600
14194800
14196000
14197200
14198400
14199600
14200800
14202000
14203200
14204400
14205600
14206800
14208000
14209200
14210400
14211600
14212800
14214000
14215200
14216400
14217600
14218800
14220000
14221200
14222400
14223600
14224800
14226000
14227200
14228400
14229600
14230800
14232000
14233200
14234400
14235600
14236800
14238000
14239200
14240400
14241600
14242800
14244000
14245200
14246400
14247600
14248800
14250000
14251200
14252400
14253600
14254800
14256000
14257200
14258400
14259600
14260800
14262000
14263200
14264400
14265600
14266800
14268000
14269200
14270400
14271600
14272800
14274000
14275200
14276400
14277600
14278800
14280000
14281200
14282400
14283600
14284800
14286000
14287200
14288400
14289600
14290800
14292000
14293200
14294400
14295600
14296800
14298000
14299200
14300400
14301600
14302800
14304000
14305200
14306400
14307600
14308800
14310000
14311200
14312400
14313600
14314800
14316000
14317200
14318400
14319600
14320800
14322000
14323200
14324400
14325600
14326800
14328000
14329200
14330400
14331600
14332800
14334000
14335200
14336400
14337600
14338800
14340000
14341200
14342400
14343600
14344800
14346000
14347200
14348400
14349600
14350800
14352000
14353200
14354400
14355600
14356800
14358000
14359200
14360400
14361600
14362800
14364000
14365200
14366400
14367600
14368800
14370000
14371200
14372400
14373600
14374800
14376000
14377200
14378400
14379600
14380800
14382000
14383200
14384400
14385600
14386800
14388000
14389200
14390400
14391600
14392800
14394000
14395200
14396400
14397600
14398800
14400000
14401200
14402400
14403600
14404800
14406000
14407200
14408400
14409600
14410800
14412000
14413200
14414400
14415600
14416800
14418000
14419200
14420400
14421600
14422800
14424000
14425200
14426400
14427600
14428800
14430000
14431200
14432400
14433600
14434800
14436000
14437200
14438400
14439600
14440800
14442000
14443200
14444400
14445600
14446800
14448000
14449200
14450400
14451600
14452800
14454000
14455200
14456400
14457600
14458800
14460000
14461200
14462400
14463600
14464800
14466000
14467200
14468400
14469600
14470800
14472000
14473200
14474400
14475600
14476800
14478000
14479200
14480400
14481600
14482800
14484000
14485200
14486400
14487600
14488800
14490000
14491200
14492400
14493600
14494800
14496000
14497200
14498400
14499600
14500800
14502000
14503200
14504400
14505600
14506800
14508000
14509200
14510400
14511600
14512800
14514000
14515200
14516400
14517600
14518800
14520000
14521200
14522400
14523600
14524800
14526000
14527200
14528400
14529600
14530800
14532000
14533200
14534400
14535600
14536800
14538000
14539200
14540400
14541600
14542800
14544000
14545200
14546400
14547600
14548800
14550000
14551200
14552400
14553600
14554800
14556000
14557200
14558400
14559600
14560800
14562000
14563200
14564400
14565600
14566800
14568000
14569200
14570400
14571600
14572800
14574000
14575200
14576400
14577600
14578800
14580000
14581200
14582400
14583600
14584800
14586000
14587200
14588400
14589600
14590800
14592000
14593200
14594400
14595600
14596800
14598000
14599200
14600400
14601600
14602800
14604000
14605200
14606400
14607600
14608800
14610000
14611200
14612400
14613600
14614800
14616000
14617200
14618400
14619600
14620800
14622000
14623200
14624400
14625600
14626800
14628000
14629200
14630400
14631600
14632800
14634000
14635200
14636400
14637600
14638800
14640000
14641200
14642400
14643600
14644800
14646000
14647200
14648400
14649600
14650800
14652000
14653200
14654400
14655600
14656800
14658000
14659200
14660400
14661600
14662800
14664000
14665200
14666400
14667600
14668800
14670000
14671200
14672400
14673600
14674800
14676000
14677200
14678400
14679600
14680800
14682000
14683200
14684400
14685600
14686800
14688000
14689200
14690400
14691600
14692800
14694000
14695200
14696400
14697600
14698800
14700000
14701200
14702400
14703600
14704800
14706000
14707200
14708400
14709600
14710800
14712000
14713200
14714400
14715600
14716800
14718000
14719200
14720400
14721600
14722800
14724000
14725200
14726400
14727600
14728800
14730000
14731200
14732400
14733600
14734800
14736000
14737200
14738400
14739600
14740800
14742000
14743200
14744400
14745600
14746800
14748000
14749200
14750400
14751600
14752800
14754000
14755200
14756400
14757600
14758800
14760000
14761200
14762400
14763600
14764800
14766000
14767200
14768400
14769600
14770800
14772000
14773200
14774400
14775600
14776800
14778000
14779200
14780400
14781600
14782800
14784000
14785200
14786400
14787600
14788800
14790000
14791200
14792400
14793600
14794800
14796000
14797200
14798400
14799600
14800800
14802000
14803200
14804400
14805600
14806800
14808000
14809200
14810400
14811600
14812800
14814000
14815200
14816400
14817600
14818800
14820000
14821200
14822400
14823600
14824800
14826000
14827200
14828400
14829600
14830800
14832000
14833200
14834400
14835600
14836800
14838000
14839200
14840400
14841600
14842800
14844000
14845200
14846400
14847600
14848800
14850000
14851200
14852400
14853600
14854800
14856000
14857200
14858400
14859600
14860800
14862000
14863200
14864400
14865600
14866800
14868000
14869200
14870400
14871600
14872800
14874000
14875200
14876400
14877600
14878800
14880000
14881200
14882400
14883600
14884800
14886000
14887200
14888400
14889600
14890800
14892000
14893200
14894400
14895600
14896800
14898000
14899200
14900400
14901600
14902800
14904000
14905200
14906400
14907600
14908800
14910000
14911200
14912400
14913600
14914800
14916000
14917200
14918400
14919600
14920800
14922000
14923200
14924400
14925600
14926800
14928000
14929200
14930400
14931600
14932800
14934000
14935200
14936400
14937600
14938800
14940000
14941200
14942400
14943600
14944800
14946000
14947200
14948400
14949600
14950800
14952000
14953200
14954400
14955600
14956800
14958000
14959200
14960400
14961600
14962800
14964000
14965200
14966400
14967600
14968800
14970000
14971200
14972400
14973600
14974800
14976000
14977200
14978400
14979600
14980800
14982000
14983200
14984400
14985600
14986800
14988000
14989200
14990400
14991600
14992800
14994000
14995200
14996400
14997600
14998800
15000000
ch> data 0
0.005966111 0.029720911
0.005918909 0.030054792
0.005941295 0.029856573
0.006123154 0.029639389
0.006057103 0.029683951
0.006105808 0.029456293
0.006152375 0.029460115
0.005935168 0.029396263
0.006019191 0.029514046
0.006038681 0.029564332
0.005960890 0.029310025
0.006257907 0.029020845
0.006080873 0.029123075
0.006111448 0.028949517
0.006259991 0.028946550
0.006077462 0.028830062
0.005871342 0.029008509
0.006007200 0.028682224
0.005873946 0.028763998
0.005872040 0.028920372
0.006349197 0.028867769
0.006137238 0.028609981
0.006210914 0.028568705
0.006002358 0.028548426
0.006067821 0.028353961
0.005921659 0.028610883
0.005909334 0.028442231
0.006042103 0.028253814
0.005974948 0.028248334
0.006242251 0.028333906
0.006139073 0.028155917
0.006184328 0.028023904
0.006062406 0.028173252
0.005887583 0.028005007
0.005852296 0.028047364
0.006051443 0.027784952
0.006173523 0.027701761
0.006183446 0.027580220
0.006108141 0.027645403
0.005776302 0.027605358
0.005857219 0.027391253
0.006058614 0.027644723
0.006060189 0.027433583
0.006191814 0.027453126
0.006227865 0.027325026
0.006239776 0.027360163
0.005961615 0.027003156
0.006001066 0.027086921
0.005959049 0.027082467
0.005996622 0.027154065
0.005974703 0.027233848
0.005962828 0.026939079
0.006063965 0.026948358
0.005996633 0.026478227
0.006002960 0.026649624
0.005911104 0.026666214
0.005917740 0.026820104
0.005897739 0.026623368
0.005897878 0.026620782
0.006203212 0.026398725
0.006193084 0.026435334
0.006238029 0.026212034
0.006069819 0.026282018
0.005867004 0.026450604
0.005975079 0.026331689
0.005990101 0.026157673
0.006070154 0.026222374
0.005892491 0.025961622
0.006133547 0.025770395
0.006029064 0.025752555
0.006179605 0.025698922
0.005873739 0.025810079
0.006199174 0.025699514
0.005912962 0.025689547
0.005970063 0.025339983
0.005974270 0.025677178
0.006169743 0.025456031
0.006079966 0.025415340
0.006148906 0.025227483
0.006084109 0.025373753
0.005973373 0.025287225
0.005927752 0.025168623
0.005995692 0.024996526
0.005992062 0.025152776
0.005871086 0.025000439
0.006024125 0.024820618
0.005980751 0.024819299
0.006085649 0.024716991
0.006030351 0.024717392
0.005692850 0.024741372
0.005971437 0.024656731
0.005957462 0.024755988
0.006124373 0.024380296
0.006129866 0.024433605
0.006110259 0.024361420
0.006049459 0.024397935
0.005840728 0.024345053
0.005788398 0.024425834
0.005929846 0.024276612
0.005900128 0.023910904
0.005963824 0.024223003
0.005837370 0.023947538
0.005982668 0.024074845
0.005948039 0.023741472
0.006102204 0.023920932
0.005963166 0.023619588
0.006078757 0.023516489
0.005672650 0.023648908
0.006005364 0.023732440
0.005949412 0.023607552
0.005949452 0.023386027
0.005943219 0.023592051
0.006055233 0.023256555
0.005973780 0.023297527
0.005888115 0.023160206
0.005981475 0.023070698
0.005854413 0.023116262
0.006141280 0.022942313
0.005975283 0.023110164
0.005968982 0.022904241
0.006103503 0.023045461
0.005837622 0.022836942
0.006335964 0.022676391
0.005961113 0.022562962
0.005972248 0.022689916
0.005844693 0.022625068
0.006044131 0.022512402
0.005974968 0.022657154
0.005982007 0.022420492
0.006111818 0.022555269
0.005989469 0.022314539
0.006073936 0.022068766
0.005804989 0.022072754
0.005797976 0.022101230
0.005935658 0.022106470
0.005842881 0.021999735
0.005897136 0.022147767
0.005855328 0.021879229
0.005939716 0.022001948
0.005922312 0.021759411
0.005895938 0.021834015
0.005752569 0.021749153
0.005766603 0.021563712
0.005822540 0.021730896
0.005929723 0.021707087
0.005817325 0.021670265
0.005969202 0.021338585
0.005752570 0.021304080
0.005638294 0.021169740
0.005694480 0.020848715
0.005660780 0.021154450
0.005895795 0.020947203
0.005563500 0.021027790
0.005672056 0.021052416
0.005813217 0.021088663
0.005801813 0.020840778
0.005835305 0.020755060
0.005625028 0.020676055
0.005891144 0.020625701
0.005732832 0.020587330
0.005485035 0.020469442
0.005830473 0.020568564
0.005963909 0.020309647
0.005885471 0.020241681
0.005561813 0.020090397
0.005676148 0.020166572
0.005490953 0.020107395
0.005551837 0.020251316
0.005578792 0.020098118
0.005694040 0.020119870
0.005634518 0.020213643
0.005692280 0.019797569
0.005578838 0.019690202
0.005613490 0.019597360
0.005706874 0.019526971
0.005506782 0.019809696
0.005728295 0.019629461
0.005677036 0.019716687
0.005531095 0.019278232
0.005709809 0.019391769
0.005526581 0.019324118
0.005716361 0.019221022
0.005759315 0.019051672
0.005594388 0.019067589
0.005511658 0.019220789
0.005641274 0.019072059
0.005789878 0.019158829
0.005639464 0.018921082
0.005751496 0.018959643
0.005641760 0.018807649
0.005721248 0.018648033
0.005552111 0.018660830
0.005517091 0.018721668
0.005340372 0.018745779
0.005397384 0.018634123
0.005656744 0.018469423
0.005341982 0.018320212
0.005488173 0.018340883
0.005534574 0.018218340
0.005467402 0.018044998
0.005471057 0.017925607
0.005469276 0.018102610
0.005482608 0.018066249
0.005483841 0.018031315
0.005329471 0.018096132
0.005487517 0.017741631
0.005547447 0.017951019
0.005531862 0.017803801
0.005296366 0.017555082
0.005348562 0.017424033
0.005373951 0.017485143
0.005270682 0.017579540
0.005375672 0.017515884
0.005367411 0.017405120
0.005389639 0.017348641
0.005570727 0.017423378
0.005376388 0.017203861
0.005473982 0.016978440
0.005324929 0.017022116
0.005282447 0.017003735
0.005372026 0.017138913
0.005356539 0.016921618
0.005538716 0.017115272
0.005439928 0.016817905
0.005404889 0.016723820
0.005215441 0.016607444
0.005119862 0.016582541
0.005385987 0.016630047
0.005133341 0.016613233
0.005326484 0.016531737
0.005340227 0.016208549
0.005378009 0.016220400
0.005290844 0.016297515
0.005434053 0.015902692
0.005124886 0.016132434
0.004996231 0.016012648
0.005193842 0.016053108
0.005311494 0.015876026
0.005273967 0.015945596
0.005087819 0.015825135
0.005476292 0.015735447
0.005155786 0.015715053
0.005235305 0.015640063
0.005006303 0.015857839
0.005269131 0.015631388
0.005306513 0.015561163
0.005155346 0.015409057
0.005189896 0.015529810
0.005014362 0.015211546
0.005186916 0.015161280
0.004828406 0.015243388
0.005181588 0.015256511
0.005092023 0.015132232
0.005286279 0.015024083
0.005209170 0.015093481
0.005132027 0.014886792
0.005190957 0.014796145
0.004908988 0.014750386
0.005180130 0.014750062
0.005043575 0.014801972
0.005029219 0.014577545
0.005202366 0.014672758
0.005196718 0.014628693
0.004959875 0.014319110
0.005067854 0.014373189
0.004988852 0.014319942
0.004892657 0.014228590
0.004941705 0.014290183
0.004790566 0.014301930
0.004959226 0.014173318
0.005174669 0.013948632
0.004818826 0.013968350
0.005132665 0.013701115
0.004920390 0.013751798
0.004807742 0.013876597
0.004628182 0.013781296
0.004939174 0.013555883
0.004916940 0.013794035
0.005052451 0.013388383
0.005098921 0.013550461
0.004918664 0.013197391
0.004792036 0.013218864
0.004629372 0.013306154
0.004823984 0.013325356
0.004786443 0.013357116
0.004937417 0.013192608
0.004782246 0.013217460
0.004875234 0.013075872
0.004964931 0.012854548
0.004848415 0.012852164
0.004788532 0.012708604
0.004727856 0.012815208
0.004762673 0.012440840
0.004791260 0.012711380
0.004608951 0.012710116
0.004624441 0.012650669
0.004891774 0.012424653
0.004675135 0.012480951
0.004623203 0.012292186
0.004612141 0.012251619
0.004580569 0.012001466
0.004898723 0.012263681
0.004734893 0.012236592
0.004676235 0.012028787
0.004601806 0.012015112
0.004609929 0.011967711
0.004670157 0.011917960
0.004404685 0.011921947
0.004537053 0.011830242
0.004786369 0.011752389
0.004703482 0.011493897
0.004578071 0.011595265
0.004672296 0.011416505
0.004688236 0.011435106
0.004370792 0.011415830
0.004541191 0.011321947
0.004345382 0.011278106
0.004640847 0.011260309
0.004632427 0.011225946
0.004502586 0.011087222
0.004528672 0.010802038
0.004415733 0.010901818
0.004618310 0.010778399
0.004481785 0.010937766
0.004330488 0.010745986
0.004384244 0.010874123
0.004209988 0.010809158
0.004472667 0.010693907
0.004270100 0.010473660
0.004327870 0.010377375
0.004352919 0.010431209
0.004147059 0.010378954
0.004172716 0.010403227
0.004185015 0.010338153
0.004190528 0.010321744
0.004247965 0.010131963
0.004421130 0.010031615
0.004505480 0.009862047
0.004364226 0.009934976
0.004182009 0.009856362
0.004192830 0.009933614
0.004091792 0.009960835
0.004060382 0.009800348
0.004106571 0.009819198
0.004185565 0.009804946
0.004171624 0.009661053
0.003980789 0.009430002
0.003982627 0.009518112
0.003957472 0.009336595
0.003953841 0.009350136
0.004055404 0.009508606
0.004181664 0.009304912
0.004182891 0.009078898
0.004070406 0.009139157
0.004007717 0.009006802
0.004165711 0.008957450
0.003918515 0.008825362
0.003971222 0.008799705
0.004049755 0.008752626
0.003988059 0.008820954
0.004251597 0.008491113
0.004066320 0.008608095
0.004125773 0.008687614
0.003878342 0.008402672
0.003776867 0.008354431
0.003750136 0.008352951
0.003895688 0.008375652
0.003817297 0.008283332
0.003780472 0.008302168
0.003883874 0.008028076
0.004006337 0.008024777
0.003891756 0.008040645
0.003986202 0.007850664
0.003742085 0.007915587
0.003657105 0.007771659
0.003818262 0.007837575
0.003706936 0.007818182
0.003939418 0.007824652
0.003808542 0.007595698
0.003933520 0.007585365
0.003524181 0.007327465
0.003591547 0.007437136
0.003644080 0.007423491
0.003713480 0.007394443
0.003673647 0.007396187
0.003766693 0.007259932
0.003698654 0.007119848
0.003560177 0.007078232
0.003522561 0.007082148
0.003477567 0.006821603
0.003435459 0.007006961
0.003520132 0.006901662
0.003525371 0.007173434
0.003554644 0.006935074
0.003560776 0.006598370
0.003591786 0.006673000
0.003506590 0.006388489
0.003547813 0.006410466
0.003340297 0.006503878
0.003493461 0.006338357
0.003504672 0.006289137
0.003337482 0.006240318
0.003328976 0.006288383
0.003337779 0.006301008
0.003532489 0.006052222
0.003660551 0.005967666
0.003428407 0.005962012
0.003247809 0.005767373
0.003493468 0.005729395
0.003289270 0.005744292
0.003138997 0.005776162
0.003339369 0.005721850
0.003307281 0.005760842
0.003307311 0.005531794
0.003107569 0.005445218
0.003134570 0.005479750
0.003223572 0.005382197
0.003169830 0.005401017
0.003036804 0.005476302
0.003134002 0.005333812
0.003292792 0.005207945
0.003165005 0.004951940
0.003396037 0.004705761
0.003120662 0.004985206
0.002911634 0.004782867
0.002987293 0.004773828
0.003146049 0.004710470
0.003007574 0.004907857
0.003029517 0.004584202
0.003109847 0.004506577
0.003207622 0.004301480
0.002924086 0.004261477
0.002768124 0.004552068
0.002815903 0.004203988
0.002843654 0.004347666
0.003047974 0.004271009
0.002965508 0.004250763
0.003024047 0.004339014
0.002890729 0.004037101
0.002875515 0.003906410
0.002831368 0.003834853
0.002414275 0.003926251
0.002810400 0.003757368
0.002742002 0.003920859
0.002709619 0.003857207
0.002680724 0.003459355
0.002954533 0.003515612
0.002724128 0.003494199
0.002473860 0.003598518
0.002508817 0.003438045
0.002801626 0.003446201
0.002780563 0.003391624
0.002713717 0.003291984
0.002925286 0.003157131
0.002312548 0.002916756
0.002416807 0.003000148
0.002565016 0.002912559
0.002456509 0.002747575
0.002496788 0.002797205
0.002651388 0.002888139
0.002425346 0.002631302
0.002447035 0.002734947
0.002685733 0.002568895
0.002593124 0.002616216
0.002417692 0.002635375
0.002464351 0.002420943
0.002232287 0.002288491
0.002468849 0.002433622
0.002664961 0.002423636
0.002461693 0.002186849
0.002380277 0.001970294
0.002264088 0.002279595
0.002182937 0.001958792
0.002190684 0.001978816
0.002308720 0.001855833
0.002330229 0.001968541
0.002324381 0.001714527
0.002332016 0.001677259
0.002108299 0.001445050
0.002141947 0.001584303
0.002012600 0.001543693
0.002080444 0.001404713
0.001978406 0.001402586
0.002048354 0.001319226
0.002196041 0.001593990
0.002199363 0.000938096
0.001960345 0.001293531
0.001971051 0.001023801
0.002024299 0.001199030
0.001931370 0.001064235
0.001811433 0.001060593
0.001960522 0.000781342
0.001905025 0.000833685
0.002087333 0.000916218
0.001974140 0.000617460
0.001806078 0.000446848
0.001763656 0.000508049
0.001633291 0.000565482
0.001892143 0.000573312
0.001872913 0.000433779
0.001919066 0.000526090
0.001866599 0.000285467
0.001821237 0.000170682
0.001882876 0.000197529
0.001849775 0.000329749
0.001860295 0.000184235
0.001745641 0.000113042
0.001649047 -0.000096105
0.001677208 -0.000037313
0.001976552 -0.000114569
0.001906399 -0.000326550
0.001853330 -0.000218703
0.001672344 -0.000238509
0.001485279 -0.000511887
0.001527462 -0.000568460
0.001619125 -0.000418212
0.001677834 -0.000712281
0.001586846 -0.000547346
0.001700237 -0.000795085
0.001738622 -0.000807204
0.001464422 -0.000839710
0.001584037 -0.000795976
0.001294203 -0.000964018
0.001380262 -0.000995054
0.001462589 -0.001086903
0.001496215 -0.001217823
0.001650584 -0.001206119
0.001413447 -0.001413950
0.001426548 -0.001464448
0.001379849 -0.001298836
0.001234884 -0.001522105
0.001125405 -0.001301644
0.001245548 -0.001372706
0.001147713 -0.001567928
0.001402620 -0.001537350
0.001194456 -0.001777541
0.001368744 -0.001936415
0.001011773 -0.001906003
0.001070437 -0.001905128
0.001255638 -0.001812786
0.001017248 -0.001878438
0.001189601 -0.001794038
0.001217300 -0.002198178
0.001149307 -0.002457990
0.001112524 -0.002263859
0.000976419 -0.002361149
0.001020761 -0.002334071
0.000998796 -0.002410587
0.000852891 -0.002406562
0.000857681 -0.002384368
0.001137348 -0.002620226
0.000916579 -0.002571403
0.000953748 -0.002649084
0.000884815 -0.002890644
0.000688029 -0.002845396
0.000690606 -0.002956432
0.000762619 -0.002891531
0.000726113 -0.002974601
0.000769509 -0.002979911
0.000839620 -0.003143914
0.000692818 -0.003268790
0.000667922 -0.003315865
0.000592598 -0.003408298
0.000583200 -0.003515237
0.000557362 -0.003424114
0.000456566 -0.003272405
0.000646589 -0.003533438
0.000545325 -0.003552260
0.000575013 -0.003708200
0.000605923 -0.003657391
0.000262605 -0.003760596
0.000600983 -0.003846164
0.000432876 -0.003954616
0.000410509 -0.003860858
0.000557990 -0.003998422
0.000472818 -0.004064849
0.000408290 -0.003944558
0.000475303 -0.004437796
0.000360018 -0.004424733
0.000289689 -0.004388009
0.000133173 -0.004370386
0.000290546 -0.004423545
0.000108100 -0.004545391
0.000414351 -0.004546609
0.000157199 -0.004487102
0.000088198 -0.004587618
0.000054403 -0.004892851
-0.000024498 -0.004879365
0.000059895 -0.004644138
0.000094528 -0.004718095
0.000084575 -0.004827795
0.000063199 -0.005021151
-0.000054556 -0.005073255
0.000098648 -0.005190215
0.000095172 -0.005249952
0.000033178 -0.005357816
-0.000251598 -0.005462636
-0.000159711 -0.005257040
-0.000125554 -0.005308619
-0.000336795 -0.005538076
-0.000200892 -0.005639565
-0.000339636 -0.005619183
-0.000017647 -0.005596062
-0.000164628 -0.005695638
-0.000221728 -0.005764777
-0.000227369 -0.005703262
0.000060828 -0.006081494
-0.000406804 -0.006148830
-0.000524479 -0.005965130
-0.000282865 -0.006037437
-0.000480098 -0.006143102
-0.000341593 -0.006359505
-0.000313886 -0.006020583
-0.000251326 -0.006406838
-0.000471418 -0.006435489
-0.000365659 -0.006502354
-0.000630096 -0.006280059
-0.000503771 -0.006446436
-0.000618423 -0.006589869
-0.000590193 -0.006844115
-0.000436360 -0.006694531
-0.000511480 -0.006909716
-0.000430144 -0.006812721
-0.000702002 -0.007066956
-0.000846358 -0.006933003
-0.000714059 -0.006754219
-0.000757825 -0.007247851
-0.000686093 -0.007236948
-0.000726272 -0.007196864
-0.000808746 -0.007114889
-0.000897314 -0.007179231
-0.000936784 -0.007528007
-0.001034986 -0.007318377
-0.001220971 -0.007421977
-0.001137658 -0.007584092
-0.000992242 -0.007211470
-0.000963057 -0.007573270
-0.001099197 -0.007684010
-0.000999294 -0.007926494
-0.000794524 -0.007963608
-0.001185343 -0.007900959
-0.001259270 -0.007883130
-0.000968791 -0.007871606
-0.001195934 -0.007965791
-0.001125010 -0.008071237
-0.000986017 -0.008015765
-0.001164199 -0.008346085
-0.001371683 -0.008444278
-0.001361344 -0.008503888
-0.001295284 -0.008317604
-0.001344217 -0.008361038
-0.001325488 -0.008278586
-0.001305630 -0.008460391
-0.001318641 -0.008678687
-0.001316047 -0.008870434
-0.001457080 -0.008867281
-0.001521257 -0.008752024
-0.001682952 -0.008678054
-0.001488257 -0.009133771
-0.001663660 -0.008741150
-0.001644353 -0.009013195
-0.001606612 -0.009295540
-0.001484729 -0.009335750
-0.001689320 -0.009433533
-0.001654353 -0.009378786
-0.001651855 -0.009247312
-0.001829517 -0.009487871
-0.001661179 -0.009441412
-0.001842054 -0.009527713
-0.001776415 -0.009609604
-0.001772277 -0.009636132
-0.001729169 -0.009781426
-0.001857182 -0.009577414
-0.001929277 -0.009703154
-0.001890173 -0.009782374
-0.002007965 -0.009843510
-0.001814276 -0.010062449
-0.002018045 -0.010190320
-0.002076526 -0.010218007
-0.002251710 -0.010248205
-0.002047166 -0.010316350
-0.002170208 -0.010205061
-0.002078687 -0.010148487
-0.002149829 -0.010432932
-0.002051956 -0.010341800
-0.001864840 -0.010393233
-0.002235538 -0.010679883
-0.002130101 -0.010653058
-0.002454074 -0.010514328
-0.002142020 -0.010484082
-0.002317334 -0.010731254
-0.002237661 -0.010880344
-0.002329266 -0.010885027
-0.002367196 -0.011014448
-0.002302543 -0.011247297
-0.002435865 -0.011361482
-0.002579743 -0.011243750
-0.002357265 -0.011246101
-0.002658591 -0.011141551
-0.002606323 -0.011264940
-0.002481826 -0.011614222
-0.002494977 -0.011400226
-0.002726819 -0.011385000
-0.002654150 -0.011555208
-0.002717516 -0.011683150
-0.002603047 -0.011673979
-0.002674456 -0.011632210
-0.002676513 -0.011974326
-0.002921860 -0.011967055
-0.002830439 -0.011742439
-0.002768870 -0.011889030
-0.002980099 -0.012020469
-0.002922012 -0.012105986
-0.002947465 -0.012206264
-0.002851240 -0.012200444
-0.002894968 -0.012227552
-0.002827994 -0.012412004
-0.002987434 -0.012472772
-0.003069422 -0.012289154
-0.003146678 -0.012491760
-0.003131464 -0.012454473
-0.003109754 -0.012507006
-0.002923487 -0.012761728
-0.003021544 -0.012730439
-0.003061064 -0.012894610
-0.003038953 -0.013010983
-0.003307088 -0.012809124
-0.003244657 -0.013031905
-0.003467467 -0.012857937
-0.003321276 -0.013056402
-0.003227221 -0.012944087
-0.003392501 -0.013186990
-0.003266543 -0.013262560
-0.003450939 -0.013307749
-0.003757122 -0.013517323
-0.003536896 -0.013385504
-0.003512986 -0.013354565
-0.003700626 -0.013573975
-0.003527287 -0.013707075
-0.003557167 -0.013580362
-0.003518488 -0.013826178
-0.003554220 -0.013838745
-0.003625081 -0.013906444
-0.003757469 -0.013874186
-0.003768737 -0.013860410
-0.003917643 -0.014071060
-0.003773905 -0.014056836
-0.003595372 -0.013985705
-0.003809782 -0.013963451
-0.003791227 -0.014214340
-0.003930377 -0.014471654
-0.003877051 -0.014413087
-0.004142207 -0.014385467
-0.004153434 -0.014353156
-0.004034243 -0.014303832
-0.003904909 -0.014559090
-0.004051527 -0.014672520
-0.003961189 -0.014670601
-0.004358374 -0.015069108
-0.004317347 -0.014936492
-0.004236493 -0.014845822
-0.004325302 -0.014772214
-0.004245568 -0.014812145
-0.004155403 -0.015148550
-0.004371846 -0.014668910
-0.004268932 -0.015239399
-0.004186720 -0.015286630
-0.004119685 -0.015517850
-0.004547636 -0.015377945
-0.004578889 -0.015451966
-0.004518992 -0.015434472
-0.004499755 -0.015452426
-0.004368826 -0.015562346
-0.004534924 -0.015787916
-0.004476819 -0.015874033
-0.004651712 -0.015739103
-0.004490107 -0.015857182
-0.004689121 -0.015866423
-0.004731334 -0.015939658
-0.004600353 -0.015880541
-0.004853589 -0.016019508
-0.004824509 -0.016138559
-0.004768339 -0.016133120
-0.004677452 -0.016166318
-0.004785590 -0.016100013
-0.004916115 -0.016187757
-0.004960952 -0.016397276
-0.005128643 -0.016508648
-0.005075790 -0.016479685
-0.004981393 -0.016391335
-0.004871245 -0.016616459
-0.004998932 -0.016763592
-0.005205507 -0.016714826
-0.005230092 -0.016806032
-0.005410897 -0.016928892
-0.005360359 -0.016610637
-0.005249863 -0.016874011
-0.005140136 -0.016844253
-0.005164353 -0.016877865
-0.005369933 -0.017176503
-0.005338372 -0.017305320
-0.005685028 -0.017233144
-0.005528712 -0.017391581
-0.005548773 -0.017109520
-0.005729164 -0.017300510
-0.005576500 -0.017167665
-0.005635645 -0.017535962
-0.005536579 -0.017511852
-0.005538969 -0.017670424
-0.005594860 -0.017718719
-0.006109466 -0.017672656
-0.005780019 -0.017549540
-0.005895992 -0.017515206
-0.005830985 -0.017695095
-0.005796388 -0.017694678
-0.005710931 -0.018068192
-0.005868398 -0.018178014
-0.006026991 -0.018022105
-0.006015570 -0.018174273
-0.005909728 -0.018240999
-0.005976642 -0.018350273
-0.006072528 -0.018189340
-0.005932992 -0.018393583
-0.005947040 -0.018303159
-0.006276470 -0.018495041
-0.005927507 -0.018488025
-0.006257928 -0.018662676
-0.006259670 -0.018558461
-0.006137026 -0.018613243
-0.006267996 -0.018838239
-0.006340276 -0.018799737
-0.006333463 -0.019056601
-0.006244630 -0.018958017
-0.006375693 -0.019034421
-0.006279142 -0.019077099
-0.006547178 -0.019004596
-0.006544626 -0.019223440
-0.006640622 -0.019043825
-0.006548484 -0.019488234
-0.006589377 -0.019314991
-0.006391419 -0.019481258
-0.006707546 -0.019430803
-0.006810293 -0.019599368
-0.006669165 -0.019509842
-0.006688896 -0.019654806
-0.006839205 -0.019497247
-0.006861046 -0.019532132
-0.006760733 -0.019806914
-0.006571316 -0.019666513
-0.006827000 -0.019961165
-0.007132670 -0.019947201
-0.007146286 -0.019984463
-0.007164577 -0.019960731
-0.007011609 -0.019936479
-0.006969414 -0.020087769
-0.006936025 -0.020156169
-0.007094929 -0.020466323
-0.006906684 -0.020208470
-0.007220424 -0.020322838
-0.007075775 -0.020403031
-0.007233084 -0.020255699
-0.007456697 -0.020788777
-0.007401042 -0.020289018
-0.007274793 -0.020815020
-0.007277543 -0.020787134
-0.007392114 -0.020867595
-0.007478941 -0.021114075
-0.007605742 -0.020923860
-0.007471084 -0.020988067
-0.007498425 -0.020971367
-0.007575096 -0.021252725
-0.007383479 -0.021152945
-0.007560632 -0.021057892
-0.007608177 -0.021314892
-0.007903126 -0.021242169
-0.007719679 -0.021214295
-0.007817603 -0.021125061
-0.007875632 -0.021372128
-0.007761884 -0.021389914
-0.007842080 -0.021647432
-0.007759150 -0.021697966
-0.007930434 -0.021831437
-0.007837221 -0.021863689
-0.008192256 -0.021662557
-0.008007397 -0.021908579
-0.007967867 -0.021763017
-0.008207175 -0.022119985
-0.008017861 -0.021987551
-0.008303773 -0.022242447
-0.008063473 -0.022193258
-0.008232034 -0.022054588
-0.008275327 -0.022195830
-0.008405311 -0.022181956
-0.008480450 -0.022288527
-0.008412838 -0.022528128
-0.008367581 -0.022760061
-0.008118791 -0.022681141
-0.008419784 -0.022742696
-0.008472207 -0.022698450
-0.008653695 -0.022507181
-0.008611915 -0.022814653
-0.008591279 -0.022709988
-0.008756103 -0.022663203
-0.008877267 -0.022759515
-0.008574517 -0.022898880
-0.008770127 -0.022959854
-0.008713301 -0.022979024
-0.009034520 -0.023173151
-0.008891686 -0.023293480
-0.008818237 -0.023446841
-0.008777985 -0.023312902
-0.009037856 -0.023248184
-0.008894972 -0.023453354
-0.009007963 -0.023337515
-0.009183650 -0.023457057
-0.008998755 -0.023655992
-0.009159092 -0.023679470
-0.008881746 -0.023875465
-0.009326870 -0.023561734
-0.009328409 -0.023659313
-0.009097355 -0.023597145
-0.009232380 -0.023986464
-0.009535146 -0.024029882
-0.009238780 -0.024128749
-0.009180013 -0.024300692
-0.009441285 -0.024028681
-0.009426644 -0.024215960
-0.009660843 -0.024025870
-0.009536790 -0.024257741
-0.009542869 -0.024297695
-0.009703186 -0.024346701
-0.009622127 -0.024643529
-0.009612414 -0.024644561
-0.009596721 -0.024635257
-0.009913550 -0.024964150
-0.009660479 -0.024722294
-0.009993920 -0.024732941
-0.009917991 -0.024863833
-0.009850616 -0.024864451
-0.009817766 -0.024804903
-0.009685763 -0.024842660
-0.009949703 -0.025287644
-0.009884242 -0.025237476
-0.010021716 -0.025194836
-0.010011459 -0.025303037
-0.010322250 -0.025228288
-0.010089620 -0.025237988
-0.010237048 -0.025291780
-0.010244205 -0.025431897
-0.010272013 -0.025334324
-0.010371908 -0.025560326
-0.010088846 -0.025708787
-0.010498736 -0.025619704
-0.010368627 -0.025831777
-0.010618594 -0.025851819
-0.010473389 -0.025816252
-0.010477183 -0.025770375
-0.010472743 -0.026057429
-0.010454233 -0.025892624
-0.010806597 -0.026260750
-0.010585975 -0.026069164
-0.010912232 -0.026173200
-0.010721691 -0.026469755
-0.010882061 -0.026150740
-0.010785561 -0.026071470
-0.010701286 -0.026032393
-0.010859644 -0.026475260
-0.010557246 -0.026430545
-0.010824084 -0.026639278
-0.010875788 -0.026736004
-0.011187879 -0.026481395
-0.011031753 -0.026618791
-0.011005878 -0.026587322
-0.011059922 -0.026899024
-0.011083205 -0.026753872
-0.010975960 -0.026826813
-0.011385977 -0.026953600
-0.011129003 -0.027064092
-0.011295840 -0.027078021
-0.011408858 -0.026978217
-0.011384119 -0.027193963
-0.011404482 -0.027144970
-0.011436710 -0.027203133
-0.011322608 -0.027190357
-0.011703597 -0.027648728
-0.011504996 -0.027704026
-0.011723724 -0.027647858
-0.011580260 -0.027685957
-0.011588767 -0.027580916
-0.011842233 -0.027817849
-0.011693370 -0.027559675
-0.011867154 -0.027843257
-0.011939058 -0.027950020
-0.011707091 -0.028108470
-0.011770192 -0.028018329
-0.011910365 -0.027979090
-0.011968132 -0.028123028
-0.011912364 -0.027934577
-0.012014043 -0.028219642
-0.011952893 -0.028252504
-0.011998950 -0.028355803
ch> data 1
-0.931201577 0.029720911
-0.931120216 0.030054792
-0.930956959 0.029856573
-0.931023478 0.029639389
-0.931043863 0.029683951
-0.931043982 0.029456293
-0.931022226 0.029460115
-0.930987060 0.029396263
-0.930904388 0.029514046
-0.930813252 0.029564332
-0.930707573 0.029310025
-0.930682837 0.029020845
-0.930715858 0.029123075
-0.930735528 0.028949517
-0.930674433 0.028946550
-0.930638492 0.028830062
-0.930566787 0.029008509
-0.930534720 0.028682224
-0.930316567 0.028763998
-0.930314958 0.028920372
-0.930404782 0.028867769
-0.930428087 0.028609981
-0.930381357 0.028568705
-0.930360198 0.028548426
-0.930380463 0.028353961
-0.930160939 0.028610883
-0.930063188 0.028442231
-0.929964601 0.028253814
-0.930171012 0.028248334
-0.930038630 0.028333906
-0.930077314 0.028155917
-0.930020153 0.028023904
-0.930006802 0.028173252
-0.929945707 0.028005007
-0.929745852 0.028047364
-0.929697930 0.027784952
-0.929732739 0.027701761
-0.929800629 0.027580220
-0.929778397 0.027645403
-0.929697155 0.027605358
-0.929668366 0.027391253
-0.929483771 0.027644723
-0.929484605 0.027433583
-0.929299354 0.027453126
-0.929417073 0.027325026
-0.929412186 0.027360163
-0.929475665 0.027003156
-0.929417967 0.027086921
-0.929281592 0.027082467
-0.929181635 0.027154065
-0.928986549 0.027233848
-0.929068982 0.026939079
-0.929058670 0.026948358
-0.929109811 0.026478227
-0.929135262 0.026649624
-0.929079413 0.026666214
-0.928969144 0.026820104
-0.928815126 0.026623368
-0.928600251 0.026620782
-0.928672373 0.026398725
-0.928797006 0.026435334
-0.928811013 0.026212034
-0.928728759 0.026282018
-0.928716123 0.026450604
-0.928606271 0.026331689
-0.928427219 0.026157673
-0.928338170 0.026222374
-0.928336799 0.025961622
-0.928411602 0.025770395
-0.928425192 0.025752555
-0.928464889 0.025698922
-0.928335368 0.025810079
-0.928264796 0.025699514
-0.928118944 0.025689547
-0.927992820 0.025339983
-0.928070187 0.025677178
-0.928013741 0.025456031
-0.928082108 0.025415340
-0.928030312 0.025227483
-0.928004503 0.025373753
-0.927904486 0.025287225
-0.927776396 0.025168623
-0.927707433 0.024996526
-0.927564978 0.025152776
-0.927642226 0.025000439
-0.927728772 0.024820618
-0.927660107 0.024819299
-0.927679717 0.024716991
-0.927572369 0.024717392
-0.927451670 0.024741372
-0.927340626 0.024656731
-0.927181899 0.024755988
-0.927229225 0.024380296
-0.927195549 0.024433605
-0.927302241 0.024361420
-0.927232265 0.024397935
-0.927196621 0.024345053
-0.927117228 0.024425834
-0.926966428 0.024276612
-0.926926076 0.023910904
-0.927053630 0.024223003
-0.926981985 0.023947538
-0.926783144 0.024074845
-0.926711976 0.023741472
-0.926631748 0.023920932
-0.926640212 0.023619588
-0.926675319 0.023516489
-0.926655471 0.023648908
-0.926671564 0.023732440
-0.926634013 0.023607552
-0.926555693 0.023386027
-0.926349401 0.023592051
-0.926224529 0.023256555
-0.926240503 0.023297527
-0.926248192 0.023160206
-0.926272988 0.023070698
-0.926304340 0.023116262
-0.926190912 0.022942313
-0.926073431 0.023110164
-0.925983488 0.022904241
-0.925902247 0.023045461
-0.925774335 0.022836942
-0.925818562 0.022676391
-0.925805926 0.022562962
-0.925802528 0.022689916
-0.925744175 0.022625068
-0.925781786 0.022512402
-0.925607442 0.022657154
-0.925522506 0.022420492
-0.925480902 0.022555269
-0.925373375 0.022314539
-0.925441563 0.022068766
-0.925353407 0.022072754
-0.925375103 0.022101230
-0.925326168 0.022106470
-0.925343453 0.021999735
-0.925122678 0.022147767
-0.925013422 0.021879229
-0.925007581 0.022001948
-0.924970626 0.021759411
-0.924969911 0.021834015
-0.924965262 0.021749153
-0.924961268 0.021563712
-0.924950003 0.021730896
-0.924816310 0.021707087
-0.924656987 0.021670265
-0.924646854 0.021338585
-0.924548685 0.021304080
-0.924486756 0.021169740
-0.924708008 0.020848715
-0.924531757 0.021154450
-0.924513339 0.020947203
-0.924347102 0.021027790
-0.924299657 0.021052416
-0.924167573 0.021088663
-0.924167096 0.020840778
-0.924171209 0.020755060
-0.924131453 0.020676055
-0.924187839 0.020625701
-0.924063980 0.020587330
-0.924060821 0.020469442
-0.923804402 0.020568564
-0.923768281 0.020309647
-0.923719346 0.020241681
-0.923714518 0.020090397
-0.923729181 0.020166572
-0.923629879 0.020107395
-0.923630833 0.020251316
-0.923632860 0.020098118
-0.923458755 0.020119870
-0.923299551 0.020213643
-0.923249542 0.019797569
-0.923284769 0.019690202
-0.923162937 0.019597360
-0.923274159 0.019526971
-0.923171937 0.019809696
-0.923190414 0.019629461
-0.923048794 0.019716687
-0.922986268 0.019278232
-0.922883749 0.019391769
-0.922705113 0.019324118
-0.922856211 0.019221022
-0.922758400 0.019051672
-0.922821998 0.019067589
-0.922749876 0.019220789
-0.922709465 0.019072059
-0.922564983 0.019158829
-0.922390997 0.018921082
-0.922305166 0.018959643
-0.922327995 0.018807649
-0.922306239 0.018648033
-0.922348558 0.018660830
-0.922341406 0.018721668
-0.922228276 0.018745779
-0.922179043 0.018634123
-0.922036886 0.018469423
-0.921867012 0.018320212
-0.921948313 0.018340883
-0.921883881 0.018218340
-0.921949148 0.018044998
-0.921801507 0.017925607
-0.921675562 0.018102610
-0.921548247 0.018066249
-0.921474337 0.018031315
-0.921469390 0.018096132
-0.921524763 0.017741631
-0.921537399 0.017951019
-0.921483993 0.017803801
-0.921364367 0.017555082
-0.921190679 0.017424033
-0.921093046 0.017485143
-0.921072602 0.017579540
-0.921143651 0.017515884
-0.921139538 0.017405120
-0.921006679 0.017348641
-0.921040773 0.017423378
-0.920869767 0.017203861
-0.920826494 0.016978440
-0.920732975 0.017022116
-0.920631289 0.017003735
-0.920476257 0.017138913
-0.920606374 0.016921618
-0.920562684 0.017115272
-0.920594871 0.016817905
-0.920475661 0.016723820
-0.920379340 0.016607444
-0.920173227 0.016582541
-0.920094013 0.016630047
-0.920158863 0.016613233
-0.920178651 0.016531737
-0.920091092 0.016208549
-0.920064270 0.016220400
-0.919965684 0.016297515
-0.919839024 0.015902692
-0.919741272 0.016132434
-0.919644832 0.016012648
-0.919701695 0.016053108
-0.919666528 0.015876026
-0.919695973 0.015945596
-0.919620096 0.015825135
-0.919497191 0.015735447
-0.919301331 0.015715053
-0.919177651 0.015640063
-0.919215798 0.015857839
-0.919200062 0.015631388
-0.919196963 0.015561163
-0.919205904 0.015409057
-0.919092655 0.015529810
-0.918976545 0.015211546
-0.918845176 0.015161280
-0.918783426 0.015243388
-0.918739676 0.015256511
-0.918754279 0.015132232
-0.918755888 0.015024083
-0.918715894 0.015093481
-0.918563544 0.014886792
-0.918438613 0.014796145
-0.918370783 0.014750386
-0.918349862 0.014750062
-0.918293476 0.014801972
-0.918298721 0.014577545
-0.918291211 0.014672758
-0.918224871 0.014628693
-0.918100953 0.014319110
-0.918007016 0.014373189
-0.917850017 0.014319942
-0.917783141 0.014228590
-0.917765259 0.014290183
-0.917744874 0.014301930
-0.917747497 0.014173318
-0.917723119 0.013948632
-0.917691349 0.013968350
-0.917528092 0.013701115
-0.917414307 0.013751798
-0.917302012 0.013876597
-0.917241632 0.013781296
-0.917293190 0.013555883
-0.917298614 0.013794035
-0.917251348 0.013388383
-0.917146742 0.013550461
-0.916938722 0.013197391
-0.916839361 0.013218864
-0.916805446 0.013306154
-0.916771590 0.013325356
-0.916811466 0.013357116
-0.916733980 0.013192608
-0.916722714 0.013217460
-0.916685998 0.013075872
-0.916608333 0.012854548
-0.916419267 0.012852164
-0.916331648 0.012708604
-0.916274726 0.012815208
-0.916224658 0.012440840
-0.916184306 0.012711380
-0.916235148 0.012710116
-0.916157305 0.012650669
-0.916193962 0.012424653
-0.915972292 0.012480951
-0.915830254 0.012292186
-0.915732622 0.012251619
-0.915716052 0.012001466
-0.915600657 0.012263681
-0.915618896 0.012236592
-0.915537238 0.012028787
-0.915550947 0.012015112
-0.915453910 0.011967711
-0.915260672 0.011917960
-0.915159404 0.011921947
-0.915178537 0.011830242
-0.915094971 0.011752389
-0.915046572 0.011493897
-0.915029287 0.011595265
-0.915023565 0.011416505
-0.914896726 0.011435106
-0.914945363 0.011415830
-0.914743423 0.011321947
-0.914598941 0.011278106
-0.914562165 0.011260309
-0.914495885 0.011225946
-0.914509713 0.011087222
-0.914480984 0.010802038
-0.914422273 0.010901818
-0.914372444 0.010778399
-0.914259612 0.010937766
-0.914092302 0.010745986
-0.914100825 0.010874123
-0.913963198 0.010809158
-0.913978934 0.010693907
-0.913912355 0.010473660
-0.914010703 0.010377375
-0.913852810 0.010431209
-0.913674235 0.010378954
-0.913528263 0.010403227
-0.913432300 0.010338153
-0.913345813 0.010321744
-0.913366138 0.010131963
-0.913379132 0.010031615
-0.913292169 0.009862047
-0.913258433 0.009934976
-0.913214981 0.009856362
-0.913053452 0.009933614
-0.912888169 0.009960835
-0.912866890 0.009800348
-0.912864387 0.009819198
-0.912828683 0.009804946
-0.912761449 0.009661053
-0.912729740 0.009430002
-0.912693142 0.009518112
-0.912456572 0.009336595
-0.912398457 0.009350136
-0.912304401 0.009508606
-0.912279486 0.009304912
-0.912345111 0.009078898
-0.912249445 0.009139157
-0.912168800 0.009006802
-0.912189722 0.008957450
-0.911975741 0.008825362
-0.911817789 0.008799705
-0.911708116 0.008752626
-0.911697566 0.008820954
-0.911625325 0.008491113
-0.911564469 0.008608095
-0.911612629 0.008687614
-0.911559700 0.008402672
-0.911460697 0.008354431
-0.911298215 0.008352951
-0.911210238 0.008375652
-0.911092936 0.008283332
-0.911038279 0.008302168
-0.910994768 0.008028076
-0.911059439 0.008024777
-0.910995364 0.008040645
-0.910948395 0.007850664
-0.910764753 0.007915587
-0.910605430 0.007771659
-0.910548508 0.007837575
-0.910543024 0.007818182
-0.910469591 0.007824652
-0.910453140 0.007595698
-0.910259008 0.007585365
-0.910331428 0.007327465
-0.910255253 0.007437136
-0.909984946 0.007423491
-0.909974098 0.007394443
-0.909826695 0.007396187
-0.909875333 0.007259932
-0.909903228 0.007119848
-0.909890890 0.007078232
-0.909808814 0.007082148
-0.909707963 0.006821603
-0.909507215 0.007006961
-0.909459292 0.006901662
-0.909362137 0.007173434
-0.909296154 0.006935074
-0.909237027 0.006598370
-0.909230649 0.006673000
-0.909159719 0.006388489
-0.909123420 0.006410466
-0.909015595 0.006503878
-0.908815085 0.006338357
-0.908727705 0.006289137
-0.908757865 0.006240318
-0.908737719 0.006288383
-0.908564388 0.006301008
-0.908492207 0.006052222
-0.908329367 0.005967666
-0.908238172 0.005962012
-0.908251047 0.005767373
-0.908206522 0.005729395
-0.908130764 0.005744292
-0.908047497 0.005776162
-0.908056020 0.005721850
-0.908120810 0.005760842
-0.907855808 0.005531794
-0.907706379 0.005445218
-0.907529056 0.005479750
-0.907573163 0.005382197
-0.907438039 0.005401017
-0.907559633 0.005476302
-0.907508134 0.005333812
-0.907356321 0.005207945
-0.907236695 0.004951940
-0.907093524 0.004705761
-0.907025814 0.004985206
-0.906894028 0.004782867
-0.906992673 0.004773828
-0.906793653 0.004710470
-0.906851947 0.004907857
-0.906786859 0.004584202
-0.906625449 0.004506577
-0.906461238 0.004301480
-0.906330764 0.004261477
-0.906301319 0.004552068
-0.906292498 0.004203988
-0.906420350 0.004347666
-0.906184792 0.004271009
-0.906151652 0.004250763
-0.906077265 0.004339014
-0.905778646 0.004037101
-0.905734598 0.003906410
-0.905692577 0.003834853
-0.905572354 0.003926251
-0.905551612 0.003757368
-0.905536711 0.003920859
-0.905569672 0.003857207
-0.905385613 0.003459355
-0.905261456 0.003515612
-0.905177831 0.003494199
-0.905125081 0.003598518
-0.905073940 0.003438045
-0.905158281 0.003446201
-0.904951989 0.003391624
-0.904905796 0.003291984
-0.904695928 0.003157131
-0.904616653 0.002916756
-0.904587090 0.003000148
-0.904418170 0.002912559
-0.904476165 0.002747575
-0.904446601 0.002797205
-0.904423356 0.002888139
-0.904272317 0.002631302
-0.904085755 0.002734947
-0.903982162 0.002568895
-0.903892993 0.002616216
-0.903869748 0.002635375
-0.903786540 0.002420943
-0.903870701 0.002288491
-0.903716683 0.002433622
-0.903667032 0.002423636
-0.903375566 0.002186849
-0.903341889 0.001970294
-0.903298676 0.002279595
-0.903241276 0.001958792
-0.903273463 0.001978816
-0.903135180 0.001855833
-0.903068780 0.001968541
-0.902975678 0.001714527
-0.902828276 0.001677259
-0.902738332 0.001445050
-0.902697145 0.001584303
-0.902528345 0.001543693
-0.902508974 0.001404713
-0.902430355 0.001402586
-0.902468979 0.001319226
-0.902399957 0.001593990
-0.902231037 0.000938096
-0.902037262 0.001293531
-0.901971518 0.001023801
-0.901909291 0.001199030
-0.901844084 0.001064235
-0.901815772 0.001060593
-0.901754498 0.000781342
-0.901695191 0.000833685
-0.901558339 0.000916218
-0.901401400 0.000617460
-0.901338338 0.000446848
-0.901244342 0.000508049
-0.901203453 0.000565482
-0.901134729 0.000573312
-0.901116132 0.000433779
-0.900823593 0.000526090
-0.900781869 0.000285467
-0.900803148 0.000170682
-0.900649785 0.000197529
-0.900673449 0.000329749
-0.900599718 0.000184235
-0.900512039 0.000113042
-0.900341153 -0.000096105
-0.900166034 -0.000037313
-0.900104045 -0.000114569
-0.900102376 -0.000326550
-0.900046825 -0.000218703
-0.899979352 -0.000238509
-0.899890482 -0.000511887
-0.899792134 -0.000568460
-0.899665713 -0.000418212
-0.899456679 -0.000712281
-0.899477064 -0.000547346
-0.899380922 -0.000795085
-0.899331748 -0.000807204
-0.899318873 -0.000839710
-0.899142146 -0.000795976
-0.899124562 -0.000964018
-0.898937463 -0.000995054
-0.898881018 -0.001086903
-0.898722231 -0.001217823
-0.898663043 -0.001206119
-0.898598849 -0.001413950
-0.898586153 -0.001464448
-0.898551702 -0.001298836
-0.898421108 -0.001522105
-0.898302972 -0.001301644
-0.898086071 -0.001372706
-0.898022234 -0.001567928
-0.898014247 -0.001537350
-0.897993683 -0.001777541
-0.897883832 -0.001936415
-0.897835969 -0.001906003
-0.897753536 -0.001905128
-0.897638380 -0.001812786
-0.897502779 -0.001878438
-0.897363245 -0.001794038
-0.897352695 -0.002198178
-0.897302806 -0.002457990
-0.897141993 -0.002263859
-0.897207677 -0.002361149
-0.897032380 -0.002334071
-0.896977007 -0.002410587
-0.896854519 -0.002406562
-0.896798729 -0.002384368
-0.896566927 -0.002620226
-0.896584928 -0.002571403
-0.896507620 -0.002649084
-0.896358788 -0.002890644
-0.896452724 -0.002845396
-0.896546542 -0.002956432
-0.896186113 -0.002891531
-0.895988523 -0.002974601
-0.895858228 -0.002979911
-0.895817399 -0.003143914
-0.895817816 -0.003268790
-0.895760178 -0.003315865
-0.895629703 -0.003408298
-0.895608484 -0.003515237
-0.895472943 -0.003424114
-0.895272314 -0.003272405
-0.895121872 -0.003533438
-0.895074009 -0.003552260
-0.895092964 -0.003708200
-0.894915997 -0.003657391
-0.894879579 -0.003760596
-0.894849836 -0.003846164
-0.894788384 -0.003954616
-0.894555985 -0.003860858
-0.894518554 -0.003998422
-0.894373655 -0.004064849
-0.894311368 -0.003944558
-0.894250690 -0.004437796
-0.894148647 -0.004424733
-0.894195139 -0.004388009
-0.894058823 -0.004370386
-0.893994033 -0.004423545
-0.893754303 -0.004545391
-0.893623292 -0.004546609
-0.893551707 -0.004487102
-0.893469393 -0.004587618
-0.893402695 -0.004892851
-0.893385171 -0.004879365
-0.893302798 -0.004644138
-0.893162906 -0.004718095
-0.893085837 -0.004827795
-0.892892360 -0.005021151
-0.892891824 -0.005073255
-0.892783463 -0.005190215
-0.892692148 -0.005249952
-0.892646014 -0.005357816
-0.892625510 -0.005462636
-0.892546534 -0.005257040
-0.892362296 -0.005308619
-0.892104089 -0.005538076
-0.892257511 -0.005639565
-0.892157852 -0.005619183
-0.891904413 -0.005596062
-0.891878426 -0.005695638
-0.891769766 -0.005764777
-0.891766250 -0.005703262
-0.891642808 -0.006081494
-0.891593277 -0.006148830
-0.891436159 -0.005965130
-0.891409456 -0.006037437
-0.891233563 -0.006143102
-0.891037583 -0.006359505
-0.890949487 -0.006020583
-0.890963613 -0.006406838
-0.890910327 -0.006435489
-0.890809118 -0.006502354
-0.890663802 -0.006280059
-0.890638113 -0.006446436
-0.890473365 -0.006589869
-0.890352308 -0.006844115
-0.890248179 -0.006694531
-0.890233993 -0.006909716
-0.890111386 -0.006812721
-0.890089333 -0.007066956
-0.889938354 -0.006933003
-0.889846920 -0.006754219
-0.889723002 -0.007247851
-0.889551103 -0.007236948
-0.889543592 -0.007196864
-0.889500737 -0.007114889
-0.889474511 -0.007179231
-0.889313220 -0.007528007
-0.889240920 -0.007318377
-0.889128386 -0.007421977
-0.888942658 -0.007584092
-0.888842999 -0.007211470
-0.888725578 -0.007573270
-0.888661742 -0.007684010
-0.888663649 -0.007926494
-0.888606488 -0.007963608
-0.888493001 -0.007900959
-0.888346791 -0.007883130
-0.888191759 -0.007871606
-0.888139426 -0.007965791
-0.888034820 -0.008071237
-0.887926518 -0.008015765
-0.887947678 -0.008346085
-0.887767493 -0.008444278
-0.887632548 -0.008503888
-0.887563705 -0.008317604
-0.887509465 -0.008361038
-0.887362658 -0.008278586
-0.887238264 -0.008460391
-0.887187719 -0.008678687
-0.887057840 -0.008870434
-0.887039482 -0.008867281
-0.886895656 -0.008752024
-0.886803865 -0.008678054
-0.886644601 -0.009133771
-0.886505961 -0.008741150
-0.886417090 -0.009013195
-0.886422991 -0.009295540
-0.886370658 -0.009335750
-0.886223077 -0.009433533
-0.886118948 -0.009378786
-0.885976970 -0.009247312
-0.885766088 -0.009487871
-0.885720312 -0.009441412
-0.885666310 -0.009527713
-0.885704576 -0.009609604
-0.885490536 -0.009636132
-0.885446429 -0.009781426
-0.885301351 -0.009577414
-0.885282814 -0.009703154
-0.885083138 -0.009782374
-0.884998679 -0.009843510
-0.884902894 -0.010062449
-0.884868502 -0.010190320
-0.884748220 -0.010218007
-0.884610950 -0.010248205
-0.884642779 -0.010316350
-0.884466588 -0.010205061
-0.884204864 -0.010148487
-0.884107291 -0.010432932
-0.884115874 -0.010341800
-0.884046196 -0.010393233
-0.883913516 -0.010679883
-0.883848965 -0.010653058
-0.883801221 -0.010514328
-0.883717000 -0.010484082
-0.883513271 -0.010731254
-0.883371233 -0.010880344
-0.883243322 -0.010885027
-0.883162498 -0.011014448
-0.883230924 -0.011247297
-0.883065760 -0.011361482
-0.882912516 -0.011243750
-0.882834494 -0.011246101
-0.882766783 -0.011141551
-0.882549345 -0.011264940
-0.882652997 -0.011614222
-0.882496178 -0.011400226
-0.882354080 -0.011385000
-0.882253825 -0.011555208
-0.882121801 -0.011683150
-0.882013559 -0.011673979
-0.881853580 -0.011632210
-0.881821811 -0.011974326
-0.881787300 -0.011967055
-0.881712794 -0.011742439
-0.881538450 -0.011889030
-0.881475806 -0.012020469
-0.881270110 -0.012105986
-0.881117105 -0.012206264
-0.881146550 -0.012200444
-0.881048023 -0.012227552
-0.880994200 -0.012412004
-0.880860567 -0.012472772
-0.880743324 -0.012289154
-0.880615890 -0.012491760
-0.880499422 -0.012454473
-0.880384147 -0.012507006
-0.880279600 -0.012761728
-0.880216121 -0.012730439
-0.880090117 -0.012894610
-0.880030751 -0.013010983
-0.879904687 -0.012809124
-0.879810869 -0.013031905
-0.879700064 -0.012857937
-0.879528582 -0.013056402
-0.879388749 -0.012944087
-0.879286706 -0.013186990
-0.879192531 -0.013262560
-0.879257500 -0.013307749
-0.879129886 -0.013517323
-0.878941833 -0.013385504
-0.878843784 -0.013354565
-0.878734052 -0.013573975
-0.878547310 -0.013707075
-0.878450572 -0.013580362
-0.878322958 -0.013826178
-0.878305673 -0.013838745
-0.878260374 -0.013906444
-0.878044724 -0.013874186
-0.877996563 -0.013860410
-0.877913057 -0.014071060
-0.877793610 -0.014056836
-0.877597928 -0.013985705
-0.877484261 -0.013963451
-0.877462983 -0.014214340
-0.877468287 -0.014471654
-0.877339601 -0.014413087
-0.877199590 -0.014385467
-0.877077281 -0.014353156
-0.876864254 -0.014303832
-0.876800060 -0.014559090
-0.876669883 -0.014672520
-0.876634299 -0.014670601
-0.876568436 -0.015069108
-0.876431643 -0.014936492
-0.876393795 -0.014845822
-0.876262068 -0.014772214
-0.876185715 -0.014812145
-0.875981032 -0.015148550
-0.875829935 -0.014668910
-0.875636398 -0.015239399
-0.875673890 -0.015286630
-0.875561535 -0.015517850
-0.875521063 -0.015377945
-0.875376582 -0.015451966
-0.875270903 -0.015434472
-0.875143885 -0.015452426
-0.875029206 -0.015562346
-0.874873936 -0.015787916
-0.874756813 -0.015874033
-0.874761044 -0.015739103
-0.874608576 -0.015857182
-0.874538183 -0.015866423
-0.874509036 -0.015939658
-0.874328017 -0.015880541
-0.874055504 -0.016019508
-0.873958230 -0.016138559
-0.873848199 -0.016133120
-0.873847186 -0.016166318
-0.873826265 -0.016100013
-0.873730540 -0.016187757
-0.873537242 -0.016397276
-0.873449563 -0.016508648
-0.873178660 -0.016479685
-0.873184621 -0.016391335
-0.873083949 -0.016616459
-0.873050272 -0.016763592
-0.872885107 -0.016714826
-0.872777998 -0.016806032
-0.872642159 -0.016928892
-0.872562944 -0.016610637
-0.872507393 -0.016874011
-0.872311949 -0.016844253
-0.872081279 -0.016877865
-0.872072517 -0.017176503
-0.872071921 -0.017305320
-0.871928870 -0.017233144
-0.871861577 -0.017391581
-0.871867656 -0.017109520
-0.871805787 -0.017300510
-0.871595561 -0.017167665
-0.871349930 -0.017535962
-0.871052324 -0.017511852
-0.870959103 -0.017670424
-0.870946526 -0.017718719
-0.870978772 -0.017672656
-0.871041715 -0.017549540
-0.870896041 -0.017515206
-0.870649337 -0.017695095
-0.870349407 -0.017694678
-0.870245754 -0.018068192
-0.869979619 -0.018178014
-0.870039641 -0.018022105
-0.870076537 -0.018174273
-0.870189726 -0.018240999
-0.870017588 -0.018350273
-0.869901895 -0.018189340
-0.869642317 -0.018393583
-0.869295239 -0.018303159
-0.869091808 -0.018495041
-0.869144499 -0.018488025
-0.869181394 -0.018662676
-0.869163334 -0.018558461
-0.869106054 -0.018613243
-0.868896603 -0.018838239
-0.868773579 -0.018799737
-0.868476390 -0.019056601
-0.868179082 -0.018958017
-0.868238329 -0.019034421
-0.868295907 -0.019077099
-0.868283331 -0.019004596
-0.868237018 -0.019223440
-0.868037700 -0.019043825
-0.867885231 -0.019488234
-0.867607891 -0.019314991
-0.867315232 -0.019481258
-0.867267906 -0.019430803
-0.867339134 -0.019599368
-0.867326259 -0.019509842
-0.867352724 -0.019654806
-0.867216825 -0.019497247
-0.866926312 -0.019532132
-0.866660416 -0.019806914
-0.866369843 -0.019666513
-0.866460740 -0.019961165
-0.866541445 -0.019947201
-0.866485536 -0.019984463
-0.866352796 -0.019960731
-0.866296589 -0.019936479
-0.866081357 -0.020087769
-0.865923583 -0.020156169
-0.865557551 -0.020466323
-0.865409493 -0.020208470
-0.865402460 -0.020322838
-0.865366637 -0.020403031
-0.865576863 -0.020255699
-0.865334928 -0.020788777
-0.865156888 -0.020289018
-0.865013539 -0.020815020
-0.864647507 -0.020787134
-0.864508032 -0.020867595
-0.864525914 -0.021114075
-0.864513337 -0.020923860
-0.864463508 -0.020988067
-0.864419519 -0.020971367
-0.864174127 -0.021252725
-0.863977968 -0.021152945
-0.863666594 -0.021057892
-0.863532960 -0.021314892
-0.863554060 -0.021242169
-0.863636851 -0.021214295
-0.863667786 -0.021125061
-0.863468229 -0.021372128
-0.863229274 -0.021389914
-0.862986743 -0.021647432
-0.862682700 -0.021697966
-0.862783074 -0.021831437
-0.862766027 -0.021863689
-0.862817585 -0.021662557
-0.862627148 -0.021908579
-0.862509727 -0.021763017
-0.862209260 -0.022119985
-0.862110793 -0.021987551
-0.861860513 -0.022242447
-0.861869573 -0.022193258
-0.861811101 -0.022054588
-0.861787021 -0.022195830
-0.861723184 -0.022181956
-0.861653268 -0.022288527
-0.861413657 -0.022528128
-0.861181735 -0.022760061
-0.860850811 -0.022681141
-0.860791087 -0.022742696
-0.860735774 -0.022698450
-0.860842049 -0.022507181
-0.860611915 -0.022814653
-0.860675513 -0.022709988
-0.860496520 -0.022663203
-0.860276877 -0.022759515
-0.860026895 -0.022898880
-0.859820425 -0.022959854
-0.859657287 -0.022979024
-0.859702587 -0.023173151
-0.859679996 -0.023293480
-0.859618782 -0.023446841
-0.859558224 -0.023312902
-0.859449803 -0.023248184
-0.859180629 -0.023453354
-0.858943402 -0.023337515
-0.858578324 -0.023457057
-0.858606815 -0.023655992
-0.858629882 -0.023679470
-0.858690857 -0.023875465
-0.858563482 -0.023561734
-0.858509600 -0.023659313
-0.858296513 -0.023597145
-0.858031392 -0.023986464
-0.857676863 -0.024029882
-0.857662200 -0.024128749
-0.857656478 -0.024300692
-0.857523143 -0.024028681
-0.857655227 -0.024215960
-0.857567667 -0.024025870
-0.857206940 -0.024257741
-0.857119143 -0.024297695
-0.856817305 -0.024346701
-0.856660068 -0.024643529
-0.856592535 -0.024644561
-0.856621801 -0.024635257
-0.856698632 -0.024964150
-0.856619298 -0.024722294
-0.856451928 -0.024732941
-0.856256842 -0.024863833
-0.855933785 -0.024864451
-0.855689108 -0.024804903
-0.855713903 -0.024842660
-0.855635046 -0.025287644
-0.855664253 -0.025237476
-0.855555593 -0.025194836
-0.855521500 -0.025303037
-0.855328321 -0.025228288
-0.855135500 -0.025237988
-0.854742228 -0.025291780
-0.854567766 -0.025431897
-0.854592502 -0.025334324
-0.854538977 -0.025560326
-0.854568779 -0.025708787
-0.854501366 -0.025619704
-0.854375541 -0.025831777
-0.854276418 -0.025851819
-0.853908836 -0.025816252
-0.853596329 -0.025770375
-0.853474855 -0.026057429
-0.853478074 -0.025892624
-0.853456020 -0.026260750
-0.853540658 -0.026069164
-0.853382706 -0.026173200
-0.853275954 -0.026469755
-0.852969884 -0.026150740
-0.852736175 -0.026071470
-0.852559328 -0.026032393
-0.852309405 -0.026475260
-0.852373778 -0.026430545
-0.852366089 -0.026639278
-0.852359354 -0.026736004
-0.852231800 -0.026481395
-0.852083742 -0.026618791
-0.851853609 -0.026587322
-0.851620316 -0.026899024
-0.851449787 -0.026753872
-0.851372182 -0.026826813
-0.851296186 -0.026953600
-0.851237714 -0.027064092
-0.851264953 -0.027078021
-0.851115643 -0.026978217
-0.850886881 -0.027193963
-0.850561499 -0.027144970
-0.850442886 -0.027203133
-0.850224077 -0.027190357
-0.850247681 -0.027648728
-0.850295066 -0.027704026
-0.850196480 -0.027647858
-0.850127220 -0.027685957
-0.849880397 -0.027580916
-0.849663019 -0.027817849
-0.849311351 -0.027559675
-0.849272251 -0.027843257
-0.849273741 -0.027950020
-0.849330425 -0.028108470
-0.849202096 -0.028018329
-0.849127650 -0.027979090
-0.848890483 -0.028123028
-0.848717570 -0.027934577
-0.848369836 -0.028219642
-0.848307609 -0.028252504
-0.848174989 -0.028355803
